2018/07/27-06:24:36.752973 7f6712920700 RocksDB version: 5.7.3
2018/07/27-06:24:36.753062 7f6712920700 Git sha rocksdb_build_git_sha:
2018/07/27-06:24:36.753067 7f6712920700 Compile date Sep  1 2017
2018/07/27-06:24:36.753073 7f6712920700 DB SUMMARY
2018/07/27-06:24:36.753278 7f6712920700 CURRENT file:  CURRENT
2018/07/27-06:24:36.753283 7f6712920700 IDENTITY file:  IDENTITY
2018/07/27-06:24:36.753287 7f6712920700 MANIFEST file:  MANIFEST-000782 size: 4934 Bytes
2018/07/27-06:24:36.753296 7f6712920700 SST files in testnetdb dir, Total Num: 58, files: 000050.sst 000069.sst 000135.sst 000152.sst 000165.sst 000183.sst 000198.sst 000239.sst 000258.sst 
2018/07/27-06:24:36.753304 7f6712920700 Write Ahead Log file in testnetdb: 000790.log size: 14785 ; 
2018/07/27-06:24:36.753312 7f6712920700                         Options.error_if_exists: 0
2018/07/27-06:24:36.753314 7f6712920700                       Options.create_if_missing: 1
2018/07/27-06:24:36.753315 7f6712920700                         Options.paranoid_checks: 1
2018/07/27-06:24:36.753317 7f6712920700                                     Options.env: 0x7f66f1b36880
2018/07/27-06:24:36.753318 7f6712920700                                Options.info_log: 0x7f670ccbc2e0
2018/07/27-06:24:36.753320 7f6712920700                Options.max_file_opening_threads: 16
2018/07/27-06:24:36.753321 7f6712920700                               Options.use_fsync: 0
2018/07/27-06:24:36.753323 7f6712920700                       Options.max_log_file_size: 1048576
2018/07/27-06:24:36.753324 7f6712920700                  Options.max_manifest_file_size: 1048576
2018/07/27-06:24:36.753326 7f6712920700                   Options.log_file_time_to_roll: 0
2018/07/27-06:24:36.753327 7f6712920700                       Options.keep_log_file_num: 1000
2018/07/27-06:24:36.753328 7f6712920700                    Options.recycle_log_file_num: 0
2018/07/27-06:24:36.753330 7f6712920700                         Options.allow_fallocate: 1
2018/07/27-06:24:36.753331 7f6712920700                        Options.allow_mmap_reads: 0
2018/07/27-06:24:36.753333 7f6712920700                       Options.allow_mmap_writes: 0
2018/07/27-06:24:36.753334 7f6712920700                        Options.use_direct_reads: 0
2018/07/27-06:24:36.753336 7f6712920700                        Options.use_direct_io_for_flush_and_compaction: 0
2018/07/27-06:24:36.753337 7f6712920700          Options.create_missing_column_families: 1
2018/07/27-06:24:36.753338 7f6712920700                              Options.db_log_dir: testnetdb.log
2018/07/27-06:24:36.753340 7f6712920700                                 Options.wal_dir: testnetdb
2018/07/27-06:24:36.753344 7f6712920700                Options.table_cache_numshardbits: 6
2018/07/27-06:24:36.753345 7f6712920700                      Options.max_subcompactions: 4
2018/07/27-06:24:36.753347 7f6712920700                  Options.max_background_flushes: -1
2018/07/27-06:24:36.753348 7f6712920700                         Options.WAL_ttl_seconds: 0
2018/07/27-06:24:36.753349 7f6712920700                       Options.WAL_size_limit_MB: 0
2018/07/27-06:24:36.753351 7f6712920700             Options.manifest_preallocation_size: 4194304
2018/07/27-06:24:36.753352 7f6712920700                     Options.is_fd_close_on_exec: 1
2018/07/27-06:24:36.753353 7f6712920700                   Options.advise_random_on_open: 1
2018/07/27-06:24:36.753354 7f6712920700                    Options.db_write_buffer_size: 0
2018/07/27-06:24:36.753356 7f6712920700         Options.access_hint_on_compaction_start: 1
2018/07/27-06:24:36.753357 7f6712920700  Options.new_table_reader_for_compaction_inputs: 0
2018/07/27-06:24:36.753358 7f6712920700               Options.compaction_readahead_size: 0
2018/07/27-06:24:36.753359 7f6712920700           Options.random_access_max_buffer_size: 1048576
2018/07/27-06:24:36.753361 7f6712920700           Options.writable_file_max_buffer_size: 1048576
2018/07/27-06:24:36.753362 7f6712920700                      Options.use_adaptive_mutex: 0
2018/07/27-06:24:36.753363 7f6712920700                            Options.rate_limiter: (nil)
2018/07/27-06:24:36.753367 7f6712920700     Options.sst_file_manager.rate_bytes_per_sec: 0
2018/07/27-06:24:36.753388 7f6712920700                          Options.bytes_per_sync: 0
2018/07/27-06:24:36.753390 7f6712920700                      Options.wal_bytes_per_sync: 0
2018/07/27-06:24:36.753403 7f6712920700                       Options.wal_recovery_mode: 2
2018/07/27-06:24:36.753404 7f6712920700                  Options.enable_thread_tracking: 0
2018/07/27-06:24:36.753405 7f6712920700                  Options.enable_pipelined_write: 0
2018/07/27-06:24:36.753407 7f6712920700         Options.allow_concurrent_memtable_write: 1
2018/07/27-06:24:36.753408 7f6712920700      Options.enable_write_thread_adaptive_yield: 1
2018/07/27-06:24:36.753409 7f6712920700             Options.write_thread_max_yield_usec: 100
2018/07/27-06:24:36.753410 7f6712920700            Options.write_thread_slow_yield_usec: 3
2018/07/27-06:24:36.753412 7f6712920700                               Options.row_cache: None
2018/07/27-06:24:36.753413 7f6712920700                              Options.wal_filter: None
2018/07/27-06:24:36.753415 7f6712920700             Options.avoid_flush_during_recovery: 0
2018/07/27-06:24:36.753416 7f6712920700             Options.allow_ingest_behind: 0
2018/07/27-06:24:36.753417 7f6712920700             Options.concurrent_prepare: 0
2018/07/27-06:24:36.753419 7f6712920700             Options.manual_wal_flush: 0
2018/07/27-06:24:36.753457 7f6712920700             Options.max_background_jobs: 2
2018/07/27-06:24:36.753460 7f6712920700             Options.max_background_compactions: 1
2018/07/27-06:24:36.753464 7f6712920700             Options.avoid_flush_during_shutdown: 0
2018/07/27-06:24:36.753466 7f6712920700             Options.delayed_write_rate : 16777216
2018/07/27-06:24:36.753467 7f6712920700             Options.max_total_wal_size: 0
2018/07/27-06:24:36.753469 7f6712920700             Options.delete_obsolete_files_period_micros: 21600000000
2018/07/27-06:24:36.753470 7f6712920700                   Options.stats_dump_period_sec: 600
2018/07/27-06:24:36.753472 7f6712920700                          Options.max_open_files: 10000
2018/07/27-06:24:36.753474 7f6712920700 Compression algorithms supported:
2018/07/27-06:24:36.753475 7f6712920700 	Snappy supported: 1
2018/07/27-06:24:36.753477 7f6712920700 	Zlib supported: 1
2018/07/27-06:24:36.753478 7f6712920700 	Bzip supported: 1
2018/07/27-06:24:36.753479 7f6712920700 	LZ4 supported: 1
2018/07/27-06:24:36.753496 7f6712920700 	ZSTD supported: 1
2018/07/27-06:24:36.753501 7f6712920700 Fast CRC32 supported: 0
2018/07/27-06:24:36.753788 7f6712920700 [db/version_set.cc:2712] Recovering from manifest file: MANIFEST-000782
2018/07/27-06:24:36.753935 7f6712920700 [db/column_family.cc:413] --------------- Options for column family [default]:
2018/07/27-06:24:36.753943 7f6712920700               Options.comparator: leveldb.BytewiseComparator
2018/07/27-06:24:36.753947 7f6712920700           Options.merge_operator: StringAppendOperator
2018/07/27-06:24:36.753949 7f6712920700        Options.compaction_filter: None
2018/07/27-06:24:36.753951 7f6712920700        Options.compaction_filter_factory: None
2018/07/27-06:24:36.753952 7f6712920700         Options.memtable_factory: SkipListFactory
2018/07/27-06:24:36.753954 7f6712920700            Options.table_factory: BlockBasedTable
2018/07/27-06:24:36.754058 7f6712920700            table_factory options:   flush_block_policy_factory: FlushBlockBySizePolicyFactory (0x7f670cc5e760)
  cache_index_and_filter_blocks: 0
  cache_index_and_filter_blocks_with_high_priority: 0
  pin_l0_filter_and_index_blocks_in_cache: 0
  index_type: 0
  hash_index_allow_collision: 1
  checksum: 1
  no_block_cache: 0
  block_cache: 0x7f670cc5ecb8
  block_cache_name: LRUCache
  block_cache_options:
    capacity : 32768
    num_shard_bits : 10
    strict_capacity_limit : 0
    high_pri_pool_ratio: 0.000
  block_cache_compressed: (nil)
  persistent_cache: (nil)
  block_size: 4096
  block_size_deviation: 10
  block_restart_interval: 16
  index_block_restart_interval: 1
  filter_policy: rocksdb.BuiltinBloomFilter
  whole_key_filtering: 1
  format_version: 0
2018/07/27-06:24:36.754115 7f6712920700        Options.write_buffer_size: 2097152
2018/07/27-06:24:36.754118 7f6712920700  Options.max_write_buffer_number: 2
2018/07/27-06:24:36.754120 7f6712920700          Options.compression: Snappy
2018/07/27-06:24:36.754124 7f6712920700                  Options.bottommost_compression: Disabled
2018/07/27-06:24:36.754125 7f6712920700       Options.prefix_extractor: nullptr
2018/07/27-06:24:36.754127 7f6712920700   Options.memtable_insert_with_hint_prefix_extractor: nullptr
2018/07/27-06:24:36.754129 7f6712920700             Options.num_levels: 7
2018/07/27-06:24:36.754131 7f6712920700        Options.min_write_buffer_number_to_merge: 1
2018/07/27-06:24:36.754132 7f6712920700     Options.max_write_buffer_number_to_maintain: 0
2018/07/27-06:24:36.754134 7f6712920700            Options.compression_opts.window_bits: -14
2018/07/27-06:24:36.754135 7f6712920700                  Options.compression_opts.level: -1
2018/07/27-06:24:36.754137 7f6712920700               Options.compression_opts.strategy: 0
2018/07/27-06:24:36.754139 7f6712920700         Options.compression_opts.max_dict_bytes: 0
2018/07/27-06:24:36.754142 7f6712920700      Options.level0_file_num_compaction_trigger: 4
2018/07/27-06:24:36.754143 7f6712920700          Options.level0_slowdown_writes_trigger: 20
2018/07/27-06:24:36.754147 7f6712920700              Options.level0_stop_writes_trigger: 36
2018/07/27-06:24:36.754149 7f6712920700                   Options.target_file_size_base: 67108864
2018/07/27-06:24:36.754151 7f6712920700             Options.target_file_size_multiplier: 1
2018/07/27-06:24:36.754152 7f6712920700                Options.max_bytes_for_level_base: 268435456
2018/07/27-06:24:36.754153 7f6712920700 Options.level_compaction_dynamic_level_bytes: 0
2018/07/27-06:24:36.754157 7f6712920700          Options.max_bytes_for_level_multiplier: 10.000000
2018/07/27-06:24:36.754159 7f6712920700 Options.max_bytes_for_level_multiplier_addtl[0]: 1
2018/07/27-06:24:36.754160 7f6712920700 Options.max_bytes_for_level_multiplier_addtl[1]: 1
2018/07/27-06:24:36.754162 7f6712920700 Options.max_bytes_for_level_multiplier_addtl[2]: 1
2018/07/27-06:24:36.754163 7f6712920700 Options.max_bytes_for_level_multiplier_addtl[3]: 1
2018/07/27-06:24:36.754164 7f6712920700 Options.max_bytes_for_level_multiplier_addtl[4]: 1
2018/07/27-06:24:36.754166 7f6712920700 Options.max_bytes_for_level_multiplier_addtl[5]: 1
2018/07/27-06:24:36.754167 7f6712920700 Options.max_bytes_for_level_multiplier_addtl[6]: 1
2018/07/27-06:24:36.754169 7f6712920700       Options.max_sequential_skip_in_iterations: 8
2018/07/27-06:24:36.754171 7f6712920700                    Options.max_compaction_bytes: 1677721600
2018/07/27-06:24:36.754173 7f6712920700                        Options.arena_block_size: 262144
2018/07/27-06:24:36.754175 7f6712920700   Options.soft_pending_compaction_bytes_limit: 68719476736
2018/07/27-06:24:36.754177 7f6712920700   Options.hard_pending_compaction_bytes_limit: 274877906944
2018/07/27-06:24:36.754178 7f6712920700       Options.rate_limit_delay_max_milliseconds: 100
2018/07/27-06:24:36.754179 7f6712920700                Options.disable_auto_compactions: 0
2018/07/27-06:24:36.754184 7f6712920700                        Options.compaction_style: kCompactionStyleLevel
2018/07/27-06:24:36.754186 7f6712920700                          Options.compaction_pri: kByCompensatedSize
2018/07/27-06:24:36.754188 7f6712920700 Options.compaction_options_universal.size_ratio: 1
2018/07/27-06:24:36.754189 7f6712920700 Options.compaction_options_universal.min_merge_width: 2
2018/07/27-06:24:36.754190 7f6712920700 Options.compaction_options_universal.max_merge_width: 4294967295
2018/07/27-06:24:36.754192 7f6712920700 Options.compaction_options_universal.max_size_amplification_percent: 200
2018/07/27-06:24:36.754229 7f6712920700 Options.compaction_options_universal.compression_size_percent: -1
2018/07/27-06:24:36.754232 7f6712920700 Options.compaction_options_universal.stop_style: kCompactionStopStyleTotalSize
2018/07/27-06:24:36.754321 7f6712920700 Options.compaction_options_fifo.max_table_files_size: 1073741824
2018/07/27-06:24:36.754384 7f6712920700 Options.compaction_options_fifo.allow_compaction: 0
2018/07/27-06:24:36.754410 7f6712920700 Options.compaction_options_fifo.ttl: 0
2018/07/27-06:24:36.754469 7f6712920700                   Options.table_properties_collectors: 
2018/07/27-06:24:36.754510 7f6712920700                   Options.inplace_update_support: 0
2018/07/27-06:24:36.754539 7f6712920700                 Options.inplace_update_num_locks: 10000
2018/07/27-06:24:36.754597 7f6712920700               Options.memtable_prefix_bloom_size_ratio: 0.000000
2018/07/27-06:24:36.754602 7f6712920700   Options.memtable_huge_page_size: 0
2018/07/27-06:24:36.754650 7f6712920700                           Options.bloom_locality: 0
2018/07/27-06:24:36.754673 7f6712920700                    Options.max_successive_merges: 0
2018/07/27-06:24:36.754674 7f6712920700                Options.optimize_filters_for_hits: 0
2018/07/27-06:24:36.754676 7f6712920700                Options.paranoid_file_checks: 0
2018/07/27-06:24:36.754699 7f6712920700                Options.force_consistency_checks: 0
2018/07/27-06:24:36.754780 7f6712920700                Options.report_bg_io_stats: 0
2018/07/27-06:24:36.755148 7f6712920700 [db/column_family.cc:413] --------------- Options for column family [transaction]:
2018/07/27-06:24:36.755164 7f6712920700               Options.comparator: leveldb.BytewiseComparator
2018/07/27-06:24:36.755166 7f6712920700           Options.merge_operator: StringAppendOperator
2018/07/27-06:24:36.755168 7f6712920700        Options.compaction_filter: None
2018/07/27-06:24:36.755169 7f6712920700        Options.compaction_filter_factory: None
2018/07/27-06:24:36.755171 7f6712920700         Options.memtable_factory: SkipListFactory
2018/07/27-06:24:36.755173 7f6712920700            Options.table_factory: BlockBasedTable
2018/07/27-06:24:36.755217 7f6712920700            table_factory options:   flush_block_policy_factory: FlushBlockBySizePolicyFactory (0x7f670cc5e760)
  cache_index_and_filter_blocks: 0
  cache_index_and_filter_blocks_with_high_priority: 0
  pin_l0_filter_and_index_blocks_in_cache: 0
  index_type: 0
  hash_index_allow_collision: 1
  checksum: 1
  no_block_cache: 0
  block_cache: 0x7f670cc5ecb8
  block_cache_name: LRUCache
  block_cache_options:
    capacity : 32768
    num_shard_bits : 10
    strict_capacity_limit : 0
    high_pri_pool_ratio: 0.000
  block_cache_compressed: (nil)
  persistent_cache: (nil)
  block_size: 4096
  block_size_deviation: 10
  block_restart_interval: 16
  index_block_restart_interval: 1
  filter_policy: rocksdb.BuiltinBloomFilter
  whole_key_filtering: 1
  format_version: 0
2018/07/27-06:24:36.755220 7f6712920700        Options.write_buffer_size: 2097152
2018/07/27-06:24:36.755222 7f6712920700  Options.max_write_buffer_number: 2
2018/07/27-06:24:36.755224 7f6712920700          Options.compression: Snappy
2018/07/27-06:24:36.755225 7f6712920700                  Options.bottommost_compression: Disabled
2018/07/27-06:24:36.755227 7f6712920700       Options.prefix_extractor: nullptr
2018/07/27-06:24:36.755228 7f6712920700   Options.memtable_insert_with_hint_prefix_extractor: nullptr
2018/07/27-06:24:36.755230 7f6712920700             Options.num_levels: 7
2018/07/27-06:24:36.755231 7f6712920700        Options.min_write_buffer_number_to_merge: 1
2018/07/27-06:24:36.755233 7f6712920700     Options.max_write_buffer_number_to_maintain: 0
2018/07/27-06:24:36.755234 7f6712920700            Options.compression_opts.window_bits: -14
2018/07/27-06:24:36.755236 7f6712920700                  Options.compression_opts.level: -1
2018/07/27-06:24:36.755237 7f6712920700               Options.compression_opts.strategy: 0
2018/07/27-06:24:36.755238 7f6712920700         Options.compression_opts.max_dict_bytes: 0
2018/07/27-06:24:36.755240 7f6712920700      Options.level0_file_num_compaction_trigger: 4
2018/07/27-06:24:36.755241 7f6712920700          Options.level0_slowdown_writes_trigger: 20
2018/07/27-06:24:36.755267 7f6712920700              Options.level0_stop_writes_trigger: 36
2018/07/27-06:24:36.755268 7f6712920700                   Options.target_file_size_base: 67108864
2018/07/27-06:24:36.755270 7f6712920700             Options.target_file_size_multiplier: 1
2018/07/27-06:24:36.755271 7f6712920700                Options.max_bytes_for_level_base: 268435456
2018/07/27-06:24:36.755272 7f6712920700 Options.level_compaction_dynamic_level_bytes: 0
2018/07/27-06:24:36.755276 7f6712920700          Options.max_bytes_for_level_multiplier: 10.000000
2018/07/27-06:24:36.755277 7f6712920700 Options.max_bytes_for_level_multiplier_addtl[0]: 1
2018/07/27-06:24:36.755279 7f6712920700 Options.max_bytes_for_level_multiplier_addtl[1]: 1
2018/07/27-06:24:36.755280 7f6712920700 Options.max_bytes_for_level_multiplier_addtl[2]: 1
2018/07/27-06:24:36.755282 7f6712920700 Options.max_bytes_for_level_multiplier_addtl[3]: 1
2018/07/27-06:24:36.755283 7f6712920700 Options.max_bytes_for_level_multiplier_addtl[4]: 1
2018/07/27-06:24:36.755287 7f6712920700 Options.max_bytes_for_level_multiplier_addtl[5]: 1
2018/07/27-06:24:36.755289 7f6712920700 Options.max_bytes_for_level_multiplier_addtl[6]: 1
2018/07/27-06:24:36.755291 7f6712920700       Options.max_sequential_skip_in_iterations: 8
2018/07/27-06:24:36.755293 7f6712920700                    Options.max_compaction_bytes: 1677721600
2018/07/27-06:24:36.755295 7f6712920700                        Options.arena_block_size: 262144
2018/07/27-06:24:36.755296 7f6712920700   Options.soft_pending_compaction_bytes_limit: 68719476736
2018/07/27-06:24:36.755298 7f6712920700   Options.hard_pending_compaction_bytes_limit: 274877906944
2018/07/27-06:24:36.755300 7f6712920700       Options.rate_limit_delay_max_milliseconds: 100
2018/07/27-06:24:36.755301 7f6712920700                Options.disable_auto_compactions: 0
2018/07/27-06:24:36.755305 7f6712920700                        Options.compaction_style: kCompactionStyleLevel
2018/07/27-06:24:36.755306 7f6712920700                          Options.compaction_pri: kByCompensatedSize
2018/07/27-06:24:36.755308 7f6712920700 Options.compaction_options_universal.size_ratio: 1
2018/07/27-06:24:36.755310 7f6712920700 Options.compaction_options_universal.min_merge_width: 2
2018/07/27-06:24:36.755311 7f6712920700 Options.compaction_options_universal.max_merge_width: 4294967295
2018/07/27-06:24:36.755313 7f6712920700 Options.compaction_options_universal.max_size_amplification_percent: 200
2018/07/27-06:24:36.755315 7f6712920700 Options.compaction_options_universal.compression_size_percent: -1
2018/07/27-06:24:36.755316 7f6712920700 Options.compaction_options_universal.stop_style: kCompactionStopStyleTotalSize
2018/07/27-06:24:36.755318 7f6712920700 Options.compaction_options_fifo.max_table_files_size: 1073741824
2018/07/27-06:24:36.755319 7f6712920700 Options.compaction_options_fifo.allow_compaction: 0
2018/07/27-06:24:36.755320 7f6712920700 Options.compaction_options_fifo.ttl: 0
2018/07/27-06:24:36.755322 7f6712920700                   Options.table_properties_collectors: 
2018/07/27-06:24:36.755324 7f6712920700                   Options.inplace_update_support: 0
2018/07/27-06:24:36.755325 7f6712920700                 Options.inplace_update_num_locks: 10000
2018/07/27-06:24:36.755328 7f6712920700               Options.memtable_prefix_bloom_size_ratio: 0.000000
2018/07/27-06:24:36.755330 7f6712920700   Options.memtable_huge_page_size: 0
2018/07/27-06:24:36.755331 7f6712920700                           Options.bloom_locality: 0
2018/07/27-06:24:36.755332 7f6712920700                    Options.max_successive_merges: 0
2018/07/27-06:24:36.755333 7f6712920700                Options.optimize_filters_for_hits: 0
2018/07/27-06:24:36.755335 7f6712920700                Options.paranoid_file_checks: 0
2018/07/27-06:24:36.755336 7f6712920700                Options.force_consistency_checks: 0
2018/07/27-06:24:36.755338 7f6712920700                Options.report_bg_io_stats: 0
2018/07/27-06:24:36.755402 7f6712920700 [db/column_family.cc:413] --------------- Options for column family [transaction-metadata]:
2018/07/27-06:24:36.755432 7f6712920700               Options.comparator: leveldb.BytewiseComparator
2018/07/27-06:24:36.755436 7f6712920700           Options.merge_operator: StringAppendOperator
2018/07/27-06:24:36.755439 7f6712920700        Options.compaction_filter: None
2018/07/27-06:24:36.755440 7f6712920700        Options.compaction_filter_factory: None
2018/07/27-06:24:36.755442 7f6712920700         Options.memtable_factory: SkipListFactory
2018/07/27-06:24:36.755444 7f6712920700            Options.table_factory: BlockBasedTable
2018/07/27-06:24:36.755478 7f6712920700            table_factory options:   flush_block_policy_factory: FlushBlockBySizePolicyFactory (0x7f670cc5e760)
  cache_index_and_filter_blocks: 0
  cache_index_and_filter_blocks_with_high_priority: 0
  pin_l0_filter_and_index_blocks_in_cache: 0
  index_type: 0
  hash_index_allow_collision: 1
  checksum: 1
  no_block_cache: 0
  block_cache: 0x7f670cc5ecb8
  block_cache_name: LRUCache
  block_cache_options:
    capacity : 32768
    num_shard_bits : 10
    strict_capacity_limit : 0
    high_pri_pool_ratio: 0.000
  block_cache_compressed: (nil)
  persistent_cache: (nil)
  block_size: 4096
  block_size_deviation: 10
  block_restart_interval: 16
  index_block_restart_interval: 1
  filter_policy: rocksdb.BuiltinBloomFilter
  whole_key_filtering: 1
  format_version: 0
2018/07/27-06:24:36.755483 7f6712920700        Options.write_buffer_size: 2097152
2018/07/27-06:24:36.755485 7f6712920700  Options.max_write_buffer_number: 2
2018/07/27-06:24:36.755487 7f6712920700          Options.compression: Snappy
2018/07/27-06:24:36.755489 7f6712920700                  Options.bottommost_compression: Disabled
2018/07/27-06:24:36.755492 7f6712920700       Options.prefix_extractor: nullptr
2018/07/27-06:24:36.755494 7f6712920700   Options.memtable_insert_with_hint_prefix_extractor: nullptr
2018/07/27-06:24:36.755495 7f6712920700             Options.num_levels: 7
2018/07/27-06:24:36.755497 7f6712920700        Options.min_write_buffer_number_to_merge: 1
2018/07/27-06:24:36.755499 7f6712920700     Options.max_write_buffer_number_to_maintain: 0
2018/07/27-06:24:36.755500 7f6712920700            Options.compression_opts.window_bits: -14
2018/07/27-06:24:36.755502 7f6712920700                  Options.compression_opts.level: -1
2018/07/27-06:24:36.755503 7f6712920700               Options.compression_opts.strategy: 0
2018/07/27-06:24:36.755505 7f6712920700         Options.compression_opts.max_dict_bytes: 0
2018/07/27-06:24:36.755507 7f6712920700      Options.level0_file_num_compaction_trigger: 4
2018/07/27-06:24:36.755508 7f6712920700          Options.level0_slowdown_writes_trigger: 20
2018/07/27-06:24:36.755512 7f6712920700              Options.level0_stop_writes_trigger: 36
2018/07/27-06:24:36.755514 7f6712920700                   Options.target_file_size_base: 67108864
2018/07/27-06:24:36.755516 7f6712920700             Options.target_file_size_multiplier: 1
2018/07/27-06:24:36.755518 7f6712920700                Options.max_bytes_for_level_base: 268435456
2018/07/27-06:24:36.755519 7f6712920700 Options.level_compaction_dynamic_level_bytes: 0
2018/07/27-06:24:36.755523 7f6712920700          Options.max_bytes_for_level_multiplier: 10.000000
2018/07/27-06:24:36.755525 7f6712920700 Options.max_bytes_for_level_multiplier_addtl[0]: 1
2018/07/27-06:24:36.755526 7f6712920700 Options.max_bytes_for_level_multiplier_addtl[1]: 1
2018/07/27-06:24:36.755528 7f6712920700 Options.max_bytes_for_level_multiplier_addtl[2]: 1
2018/07/27-06:24:36.755530 7f6712920700 Options.max_bytes_for_level_multiplier_addtl[3]: 1
2018/07/27-06:24:36.755531 7f6712920700 Options.max_bytes_for_level_multiplier_addtl[4]: 1
2018/07/27-06:24:36.755532 7f6712920700 Options.max_bytes_for_level_multiplier_addtl[5]: 1
2018/07/27-06:24:36.755534 7f6712920700 Options.max_bytes_for_level_multiplier_addtl[6]: 1
2018/07/27-06:24:36.755536 7f6712920700       Options.max_sequential_skip_in_iterations: 8
2018/07/27-06:24:36.755538 7f6712920700                    Options.max_compaction_bytes: 1677721600
2018/07/27-06:24:36.755554 7f6712920700                        Options.arena_block_size: 262144
2018/07/27-06:24:36.755558 7f6712920700   Options.soft_pending_compaction_bytes_limit: 68719476736
2018/07/27-06:24:36.755560 7f6712920700   Options.hard_pending_compaction_bytes_limit: 274877906944
2018/07/27-06:24:36.755562 7f6712920700       Options.rate_limit_delay_max_milliseconds: 100
2018/07/27-06:24:36.755564 7f6712920700                Options.disable_auto_compactions: 0
2018/07/27-06:24:36.755566 7f6712920700                        Options.compaction_style: kCompactionStyleLevel
2018/07/27-06:24:36.755567 7f6712920700                          Options.compaction_pri: kByCompensatedSize
2018/07/27-06:24:36.755569 7f6712920700 Options.compaction_options_universal.size_ratio: 1
2018/07/27-06:24:36.755571 7f6712920700 Options.compaction_options_universal.min_merge_width: 2
2018/07/27-06:24:36.755572 7f6712920700 Options.compaction_options_universal.max_merge_width: 4294967295
2018/07/27-06:24:36.755574 7f6712920700 Options.compaction_options_universal.max_size_amplification_percent: 200
2018/07/27-06:24:36.755575 7f6712920700 Options.compaction_options_universal.compression_size_percent: -1
2018/07/27-06:24:36.755577 7f6712920700 Options.compaction_options_universal.stop_style: kCompactionStopStyleTotalSize
2018/07/27-06:24:36.755578 7f6712920700 Options.compaction_options_fifo.max_table_files_size: 1073741824
2018/07/27-06:24:36.755580 7f6712920700 Options.compaction_options_fifo.allow_compaction: 0
2018/07/27-06:24:36.755581 7f6712920700 Options.compaction_options_fifo.ttl: 0
2018/07/27-06:24:36.755582 7f6712920700                   Options.table_properties_collectors: 
2018/07/27-06:24:36.755584 7f6712920700                   Options.inplace_update_support: 0
2018/07/27-06:24:36.755585 7f6712920700                 Options.inplace_update_num_locks: 10000
2018/07/27-06:24:36.755588 7f6712920700               Options.memtable_prefix_bloom_size_ratio: 0.000000
2018/07/27-06:24:36.755590 7f6712920700   Options.memtable_huge_page_size: 0
2018/07/27-06:24:36.755591 7f6712920700                           Options.bloom_locality: 0
2018/07/27-06:24:36.755593 7f6712920700                    Options.max_successive_merges: 0
2018/07/27-06:24:36.755594 7f6712920700                Options.optimize_filters_for_hits: 0
2018/07/27-06:24:36.755596 7f6712920700                Options.paranoid_file_checks: 0
2018/07/27-06:24:36.755597 7f6712920700                Options.force_consistency_checks: 0
2018/07/27-06:24:36.755600 7f6712920700                Options.report_bg_io_stats: 0
2018/07/27-06:24:36.755665 7f6712920700 [db/column_family.cc:413] --------------- Options for column family [milestone]:
2018/07/27-06:24:36.755671 7f6712920700               Options.comparator: leveldb.BytewiseComparator
2018/07/27-06:24:36.755674 7f6712920700           Options.merge_operator: StringAppendOperator
2018/07/27-06:24:36.755676 7f6712920700        Options.compaction_filter: None
2018/07/27-06:24:36.755677 7f6712920700        Options.compaction_filter_factory: None
2018/07/27-06:24:36.755679 7f6712920700         Options.memtable_factory: SkipListFactory
2018/07/27-06:24:36.755680 7f6712920700            Options.table_factory: BlockBasedTable
2018/07/27-06:24:36.755716 7f6712920700            table_factory options:   flush_block_policy_factory: FlushBlockBySizePolicyFactory (0x7f670cc5e760)
  cache_index_and_filter_blocks: 0
  cache_index_and_filter_blocks_with_high_priority: 0
  pin_l0_filter_and_index_blocks_in_cache: 0
  index_type: 0
  hash_index_allow_collision: 1
  checksum: 1
  no_block_cache: 0
  block_cache: 0x7f670cc5ecb8
  block_cache_name: LRUCache
  block_cache_options:
    capacity : 32768
    num_shard_bits : 10
    strict_capacity_limit : 0
    high_pri_pool_ratio: 0.000
  block_cache_compressed: (nil)
  persistent_cache: (nil)
  block_size: 4096
  block_size_deviation: 10
  block_restart_interval: 16
  index_block_restart_interval: 1
  filter_policy: rocksdb.BuiltinBloomFilter
  whole_key_filtering: 1
  format_version: 0
2018/07/27-06:24:36.755746 7f6712920700        Options.write_buffer_size: 2097152
2018/07/27-06:24:36.755751 7f6712920700  Options.max_write_buffer_number: 2
2018/07/27-06:24:36.755752 7f6712920700          Options.compression: Snappy
2018/07/27-06:24:36.755754 7f6712920700                  Options.bottommost_compression: Disabled
2018/07/27-06:24:36.755756 7f6712920700       Options.prefix_extractor: nullptr
2018/07/27-06:24:36.755757 7f6712920700   Options.memtable_insert_with_hint_prefix_extractor: nullptr
2018/07/27-06:24:36.755759 7f6712920700             Options.num_levels: 7
2018/07/27-06:24:36.755760 7f6712920700        Options.min_write_buffer_number_to_merge: 1
2018/07/27-06:24:36.755762 7f6712920700     Options.max_write_buffer_number_to_maintain: 0
2018/07/27-06:24:36.755763 7f6712920700            Options.compression_opts.window_bits: -14
2018/07/27-06:24:36.755764 7f6712920700                  Options.compression_opts.level: -1
2018/07/27-06:24:36.755766 7f6712920700               Options.compression_opts.strategy: 0
2018/07/27-06:24:36.755768 7f6712920700         Options.compression_opts.max_dict_bytes: 0
2018/07/27-06:24:36.755769 7f6712920700      Options.level0_file_num_compaction_trigger: 4
2018/07/27-06:24:36.755770 7f6712920700          Options.level0_slowdown_writes_trigger: 20
2018/07/27-06:24:36.755772 7f6712920700              Options.level0_stop_writes_trigger: 36
2018/07/27-06:24:36.755774 7f6712920700                   Options.target_file_size_base: 67108864
2018/07/27-06:24:36.755775 7f6712920700             Options.target_file_size_multiplier: 1
2018/07/27-06:24:36.755777 7f6712920700                Options.max_bytes_for_level_base: 268435456
2018/07/27-06:24:36.755778 7f6712920700 Options.level_compaction_dynamic_level_bytes: 0
2018/07/27-06:24:36.755781 7f6712920700          Options.max_bytes_for_level_multiplier: 10.000000
2018/07/27-06:24:36.755783 7f6712920700 Options.max_bytes_for_level_multiplier_addtl[0]: 1
2018/07/27-06:24:36.755785 7f6712920700 Options.max_bytes_for_level_multiplier_addtl[1]: 1
2018/07/27-06:24:36.755786 7f6712920700 Options.max_bytes_for_level_multiplier_addtl[2]: 1
2018/07/27-06:24:36.755788 7f6712920700 Options.max_bytes_for_level_multiplier_addtl[3]: 1
2018/07/27-06:24:36.755789 7f6712920700 Options.max_bytes_for_level_multiplier_addtl[4]: 1
2018/07/27-06:24:36.755790 7f6712920700 Options.max_bytes_for_level_multiplier_addtl[5]: 1
2018/07/27-06:24:36.755792 7f6712920700 Options.max_bytes_for_level_multiplier_addtl[6]: 1
2018/07/27-06:24:36.755793 7f6712920700       Options.max_sequential_skip_in_iterations: 8
2018/07/27-06:24:36.755794 7f6712920700                    Options.max_compaction_bytes: 1677721600
2018/07/27-06:24:36.755796 7f6712920700                        Options.arena_block_size: 262144
2018/07/27-06:24:36.755798 7f6712920700   Options.soft_pending_compaction_bytes_limit: 68719476736
2018/07/27-06:24:36.755799 7f6712920700   Options.hard_pending_compaction_bytes_limit: 274877906944
2018/07/27-06:24:36.755801 7f6712920700       Options.rate_limit_delay_max_milliseconds: 100
2018/07/27-06:24:36.755803 7f6712920700                Options.disable_auto_compactions: 0
2018/07/27-06:24:36.755805 7f6712920700                        Options.compaction_style: kCompactionStyleLevel
2018/07/27-06:24:36.755806 7f6712920700                          Options.compaction_pri: kByCompensatedSize
2018/07/27-06:24:36.755808 7f6712920700 Options.compaction_options_universal.size_ratio: 1
2018/07/27-06:24:36.755809 7f6712920700 Options.compaction_options_universal.min_merge_width: 2
2018/07/27-06:24:36.755811 7f6712920700 Options.compaction_options_universal.max_merge_width: 4294967295
2018/07/27-06:24:36.755813 7f6712920700 Options.compaction_options_universal.max_size_amplification_percent: 200
2018/07/27-06:24:36.755814 7f6712920700 Options.compaction_options_universal.compression_size_percent: -1
2018/07/27-06:24:36.755816 7f6712920700 Options.compaction_options_universal.stop_style: kCompactionStopStyleTotalSize
2018/07/27-06:24:36.755818 7f6712920700 Options.compaction_options_fifo.max_table_files_size: 1073741824
2018/07/27-06:24:36.755838 7f6712920700 Options.compaction_options_fifo.allow_compaction: 0
2018/07/27-06:24:36.755842 7f6712920700 Options.compaction_options_fifo.ttl: 0
2018/07/27-06:24:36.755843 7f6712920700                   Options.table_properties_collectors: 
2018/07/27-06:24:36.755845 7f6712920700                   Options.inplace_update_support: 0
2018/07/27-06:24:36.755847 7f6712920700                 Options.inplace_update_num_locks: 10000
2018/07/27-06:24:36.755849 7f6712920700               Options.memtable_prefix_bloom_size_ratio: 0.000000
2018/07/27-06:24:36.755851 7f6712920700   Options.memtable_huge_page_size: 0
2018/07/27-06:24:36.755853 7f6712920700                           Options.bloom_locality: 0
2018/07/27-06:24:36.755855 7f6712920700                    Options.max_successive_merges: 0
2018/07/27-06:24:36.755857 7f6712920700                Options.optimize_filters_for_hits: 0
2018/07/27-06:24:36.755858 7f6712920700                Options.paranoid_file_checks: 0
2018/07/27-06:24:36.755860 7f6712920700                Options.force_consistency_checks: 0
2018/07/27-06:24:36.755862 7f6712920700                Options.report_bg_io_stats: 0
2018/07/27-06:24:36.755947 7f6712920700 [db/column_family.cc:413] --------------- Options for column family [stateDiff]:
2018/07/27-06:24:36.755956 7f6712920700               Options.comparator: leveldb.BytewiseComparator
2018/07/27-06:24:36.755958 7f6712920700           Options.merge_operator: StringAppendOperator
2018/07/27-06:24:36.755959 7f6712920700        Options.compaction_filter: None
2018/07/27-06:24:36.755961 7f6712920700        Options.compaction_filter_factory: None
2018/07/27-06:24:36.755962 7f6712920700         Options.memtable_factory: SkipListFactory
2018/07/27-06:24:36.755965 7f6712920700            Options.table_factory: BlockBasedTable
2018/07/27-06:24:36.755995 7f6712920700            table_factory options:   flush_block_policy_factory: FlushBlockBySizePolicyFactory (0x7f670cc5e760)
  cache_index_and_filter_blocks: 0
  cache_index_and_filter_blocks_with_high_priority: 0
  pin_l0_filter_and_index_blocks_in_cache: 0
  index_type: 0
  hash_index_allow_collision: 1
  checksum: 1
  no_block_cache: 0
  block_cache: 0x7f670cc5ecb8
  block_cache_name: LRUCache
  block_cache_options:
    capacity : 32768
    num_shard_bits : 10
    strict_capacity_limit : 0
    high_pri_pool_ratio: 0.000
  block_cache_compressed: (nil)
  persistent_cache: (nil)
  block_size: 4096
  block_size_deviation: 10
  block_restart_interval: 16
  index_block_restart_interval: 1
  filter_policy: rocksdb.BuiltinBloomFilter
  whole_key_filtering: 1
  format_version: 0
2018/07/27-06:24:36.755999 7f6712920700        Options.write_buffer_size: 2097152
2018/07/27-06:24:36.756001 7f6712920700  Options.max_write_buffer_number: 2
2018/07/27-06:24:36.756002 7f6712920700          Options.compression: Snappy
2018/07/27-06:24:36.756004 7f6712920700                  Options.bottommost_compression: Disabled
2018/07/27-06:24:36.756006 7f6712920700       Options.prefix_extractor: nullptr
2018/07/27-06:24:36.756008 7f6712920700   Options.memtable_insert_with_hint_prefix_extractor: nullptr
2018/07/27-06:24:36.756010 7f6712920700             Options.num_levels: 7
2018/07/27-06:24:36.756011 7f6712920700        Options.min_write_buffer_number_to_merge: 1
2018/07/27-06:24:36.756013 7f6712920700     Options.max_write_buffer_number_to_maintain: 0
2018/07/27-06:24:36.756015 7f6712920700            Options.compression_opts.window_bits: -14
2018/07/27-06:24:36.756017 7f6712920700                  Options.compression_opts.level: -1
2018/07/27-06:24:36.756019 7f6712920700               Options.compression_opts.strategy: 0
2018/07/27-06:24:36.756022 7f6712920700         Options.compression_opts.max_dict_bytes: 0
2018/07/27-06:24:36.756024 7f6712920700      Options.level0_file_num_compaction_trigger: 4
2018/07/27-06:24:36.756025 7f6712920700          Options.level0_slowdown_writes_trigger: 20
2018/07/27-06:24:36.756026 7f6712920700              Options.level0_stop_writes_trigger: 36
2018/07/27-06:24:36.756052 7f6712920700                   Options.target_file_size_base: 67108864
2018/07/27-06:24:36.756055 7f6712920700             Options.target_file_size_multiplier: 1
2018/07/27-06:24:36.756057 7f6712920700                Options.max_bytes_for_level_base: 268435456
2018/07/27-06:24:36.756060 7f6712920700 Options.level_compaction_dynamic_level_bytes: 0
2018/07/27-06:24:36.756062 7f6712920700          Options.max_bytes_for_level_multiplier: 10.000000
2018/07/27-06:24:36.756064 7f6712920700 Options.max_bytes_for_level_multiplier_addtl[0]: 1
2018/07/27-06:24:36.756066 7f6712920700 Options.max_bytes_for_level_multiplier_addtl[1]: 1
2018/07/27-06:24:36.756071 7f6712920700 Options.max_bytes_for_level_multiplier_addtl[2]: 1
2018/07/27-06:24:36.756073 7f6712920700 Options.max_bytes_for_level_multiplier_addtl[3]: 1
2018/07/27-06:24:36.756074 7f6712920700 Options.max_bytes_for_level_multiplier_addtl[4]: 1
2018/07/27-06:24:36.756076 7f6712920700 Options.max_bytes_for_level_multiplier_addtl[5]: 1
2018/07/27-06:24:36.756077 7f6712920700 Options.max_bytes_for_level_multiplier_addtl[6]: 1
2018/07/27-06:24:36.756079 7f6712920700       Options.max_sequential_skip_in_iterations: 8
2018/07/27-06:24:36.756081 7f6712920700                    Options.max_compaction_bytes: 1677721600
2018/07/27-06:24:36.756083 7f6712920700                        Options.arena_block_size: 262144
2018/07/27-06:24:36.756084 7f6712920700   Options.soft_pending_compaction_bytes_limit: 68719476736
2018/07/27-06:24:36.756086 7f6712920700   Options.hard_pending_compaction_bytes_limit: 274877906944
2018/07/27-06:24:36.756087 7f6712920700       Options.rate_limit_delay_max_milliseconds: 100
2018/07/27-06:24:36.756089 7f6712920700                Options.disable_auto_compactions: 0
2018/07/27-06:24:36.756091 7f6712920700                        Options.compaction_style: kCompactionStyleLevel
2018/07/27-06:24:36.756092 7f6712920700                          Options.compaction_pri: kByCompensatedSize
2018/07/27-06:24:36.756094 7f6712920700 Options.compaction_options_universal.size_ratio: 1
2018/07/27-06:24:36.756096 7f6712920700 Options.compaction_options_universal.min_merge_width: 2
2018/07/27-06:24:36.756098 7f6712920700 Options.compaction_options_universal.max_merge_width: 4294967295
2018/07/27-06:24:36.756100 7f6712920700 Options.compaction_options_universal.max_size_amplification_percent: 200
2018/07/27-06:24:36.756102 7f6712920700 Options.compaction_options_universal.compression_size_percent: -1
2018/07/27-06:24:36.756104 7f6712920700 Options.compaction_options_universal.stop_style: kCompactionStopStyleTotalSize
2018/07/27-06:24:36.756105 7f6712920700 Options.compaction_options_fifo.max_table_files_size: 1073741824
2018/07/27-06:24:36.756107 7f6712920700 Options.compaction_options_fifo.allow_compaction: 0
2018/07/27-06:24:36.756108 7f6712920700 Options.compaction_options_fifo.ttl: 0
2018/07/27-06:24:36.756111 7f6712920700                   Options.table_properties_collectors: 
