2018/05/07-21:53:14.863441 7ff3483c7700 RocksDB version: 5.7.3
2018/05/07-21:53:14.865182 7ff3483c7700 Git sha rocksdb_build_git_sha:
2018/05/07-21:53:14.865191 7ff3483c7700 Compile date Sep  1 2017
2018/05/07-21:53:14.865204 7ff3483c7700 DB SUMMARY
2018/05/07-21:53:14.865281 7ff3483c7700 CURRENT file:  CURRENT
2018/05/07-21:53:14.865283 7ff3483c7700 IDENTITY file:  IDENTITY
2018/05/07-21:53:14.865287 7ff3483c7700 MANIFEST file:  MANIFEST-000192 size: 3000 Bytes
2018/05/07-21:53:14.865290 7ff3483c7700 SST files in testnetdb dir, Total Num: 21, files: 000050.sst 000051.sst 000069.sst 000135.sst 000136.sst 000152.sst 000153.sst 000165.sst 000173.sst 
2018/05/07-21:53:14.865293 7ff3483c7700 Write Ahead Log file in testnetdb: 000193.log size: 103346 ; 
2018/05/07-21:53:14.865297 7ff3483c7700                         Options.error_if_exists: 0
2018/05/07-21:53:14.865299 7ff3483c7700                       Options.create_if_missing: 1
2018/05/07-21:53:14.865300 7ff3483c7700                         Options.paranoid_checks: 1
2018/05/07-21:53:14.865302 7ff3483c7700                                     Options.env: 0x7ff318ff7880
2018/05/07-21:53:14.865303 7ff3483c7700                                Options.info_log: 0x7ff340ab70d0
2018/05/07-21:53:14.865305 7ff3483c7700                Options.max_file_opening_threads: 16
2018/05/07-21:53:14.865306 7ff3483c7700                               Options.use_fsync: 0
2018/05/07-21:53:14.865308 7ff3483c7700                       Options.max_log_file_size: 1048576
2018/05/07-21:53:14.865309 7ff3483c7700                  Options.max_manifest_file_size: 1048576
2018/05/07-21:53:14.865310 7ff3483c7700                   Options.log_file_time_to_roll: 0
2018/05/07-21:53:14.865312 7ff3483c7700                       Options.keep_log_file_num: 1000
2018/05/07-21:53:14.865313 7ff3483c7700                    Options.recycle_log_file_num: 0
2018/05/07-21:53:14.865315 7ff3483c7700                         Options.allow_fallocate: 1
2018/05/07-21:53:14.865316 7ff3483c7700                        Options.allow_mmap_reads: 0
2018/05/07-21:53:14.865317 7ff3483c7700                       Options.allow_mmap_writes: 0
2018/05/07-21:53:14.865318 7ff3483c7700                        Options.use_direct_reads: 0
2018/05/07-21:53:14.865320 7ff3483c7700                        Options.use_direct_io_for_flush_and_compaction: 0
2018/05/07-21:53:14.865321 7ff3483c7700          Options.create_missing_column_families: 1
2018/05/07-21:53:14.865323 7ff3483c7700                              Options.db_log_dir: testnetdb.log
2018/05/07-21:53:14.865324 7ff3483c7700                                 Options.wal_dir: testnetdb
2018/05/07-21:53:14.865325 7ff3483c7700                Options.table_cache_numshardbits: 6
2018/05/07-21:53:14.865327 7ff3483c7700                      Options.max_subcompactions: 4
2018/05/07-21:53:14.865328 7ff3483c7700                  Options.max_background_flushes: -1
2018/05/07-21:53:14.865329 7ff3483c7700                         Options.WAL_ttl_seconds: 0
2018/05/07-21:53:14.865331 7ff3483c7700                       Options.WAL_size_limit_MB: 0
2018/05/07-21:53:14.865334 7ff3483c7700             Options.manifest_preallocation_size: 4194304
2018/05/07-21:53:14.865335 7ff3483c7700                     Options.is_fd_close_on_exec: 1
2018/05/07-21:53:14.865336 7ff3483c7700                   Options.advise_random_on_open: 1
2018/05/07-21:53:14.865338 7ff3483c7700                    Options.db_write_buffer_size: 0
2018/05/07-21:53:14.865339 7ff3483c7700         Options.access_hint_on_compaction_start: 1
2018/05/07-21:53:14.865340 7ff3483c7700  Options.new_table_reader_for_compaction_inputs: 0
2018/05/07-21:53:14.865342 7ff3483c7700               Options.compaction_readahead_size: 0
2018/05/07-21:53:14.865343 7ff3483c7700           Options.random_access_max_buffer_size: 1048576
2018/05/07-21:53:14.865344 7ff3483c7700           Options.writable_file_max_buffer_size: 1048576
2018/05/07-21:53:14.865346 7ff3483c7700                      Options.use_adaptive_mutex: 0
2018/05/07-21:53:14.865347 7ff3483c7700                            Options.rate_limiter: (nil)
2018/05/07-21:53:14.865350 7ff3483c7700     Options.sst_file_manager.rate_bytes_per_sec: 0
2018/05/07-21:53:14.865370 7ff3483c7700                          Options.bytes_per_sync: 0
2018/05/07-21:53:14.865372 7ff3483c7700                      Options.wal_bytes_per_sync: 0
2018/05/07-21:53:14.865373 7ff3483c7700                       Options.wal_recovery_mode: 2
2018/05/07-21:53:14.865374 7ff3483c7700                  Options.enable_thread_tracking: 0
2018/05/07-21:53:14.865376 7ff3483c7700                  Options.enable_pipelined_write: 0
2018/05/07-21:53:14.865377 7ff3483c7700         Options.allow_concurrent_memtable_write: 1
2018/05/07-21:53:14.865378 7ff3483c7700      Options.enable_write_thread_adaptive_yield: 1
2018/05/07-21:53:14.865380 7ff3483c7700             Options.write_thread_max_yield_usec: 100
2018/05/07-21:53:14.865381 7ff3483c7700            Options.write_thread_slow_yield_usec: 3
2018/05/07-21:53:14.865382 7ff3483c7700                               Options.row_cache: None
2018/05/07-21:53:14.865384 7ff3483c7700                              Options.wal_filter: None
2018/05/07-21:53:14.865385 7ff3483c7700             Options.avoid_flush_during_recovery: 0
2018/05/07-21:53:14.865386 7ff3483c7700             Options.allow_ingest_behind: 0
2018/05/07-21:53:14.865388 7ff3483c7700             Options.concurrent_prepare: 0
2018/05/07-21:53:14.865389 7ff3483c7700             Options.manual_wal_flush: 0
2018/05/07-21:53:14.865400 7ff3483c7700             Options.max_background_jobs: 2
2018/05/07-21:53:14.865401 7ff3483c7700             Options.max_background_compactions: 1
2018/05/07-21:53:14.865403 7ff3483c7700             Options.avoid_flush_during_shutdown: 0
2018/05/07-21:53:14.865404 7ff3483c7700             Options.delayed_write_rate : 16777216
2018/05/07-21:53:14.865405 7ff3483c7700             Options.max_total_wal_size: 0
2018/05/07-21:53:14.865407 7ff3483c7700             Options.delete_obsolete_files_period_micros: 21600000000
2018/05/07-21:53:14.865408 7ff3483c7700                   Options.stats_dump_period_sec: 600
2018/05/07-21:53:14.865411 7ff3483c7700                          Options.max_open_files: 10000
2018/05/07-21:53:14.865412 7ff3483c7700 Compression algorithms supported:
2018/05/07-21:53:14.865414 7ff3483c7700 	Snappy supported: 1
2018/05/07-21:53:14.865415 7ff3483c7700 	Zlib supported: 1
2018/05/07-21:53:14.865416 7ff3483c7700 	Bzip supported: 1
2018/05/07-21:53:14.865417 7ff3483c7700 	LZ4 supported: 1
2018/05/07-21:53:14.865424 7ff3483c7700 	ZSTD supported: 1
2018/05/07-21:53:14.865426 7ff3483c7700 Fast CRC32 supported: 0
2018/05/07-21:53:14.865571 7ff3483c7700 [db/version_set.cc:2712] Recovering from manifest file: MANIFEST-000192
2018/05/07-21:53:14.865637 7ff3483c7700 [db/column_family.cc:413] --------------- Options for column family [default]:
2018/05/07-21:53:14.865641 7ff3483c7700               Options.comparator: leveldb.BytewiseComparator
2018/05/07-21:53:14.865643 7ff3483c7700           Options.merge_operator: StringAppendOperator
2018/05/07-21:53:14.865644 7ff3483c7700        Options.compaction_filter: None
2018/05/07-21:53:14.865646 7ff3483c7700        Options.compaction_filter_factory: None
2018/05/07-21:53:14.865647 7ff3483c7700         Options.memtable_factory: SkipListFactory
2018/05/07-21:53:14.865649 7ff3483c7700            Options.table_factory: BlockBasedTable
2018/05/07-21:53:14.865671 7ff3483c7700            table_factory options:   flush_block_policy_factory: FlushBlockBySizePolicyFactory (0x7ff340a3c460)
  cache_index_and_filter_blocks: 0
  cache_index_and_filter_blocks_with_high_priority: 0
  pin_l0_filter_and_index_blocks_in_cache: 0
  index_type: 0
  hash_index_allow_collision: 1
  checksum: 1
  no_block_cache: 0
  block_cache: 0x7ff340a3bee8
  block_cache_name: LRUCache
  block_cache_options:
    capacity : 32768
    num_shard_bits : 10
    strict_capacity_limit : 0
    high_pri_pool_ratio: 0.000
  block_cache_compressed: (nil)
  persistent_cache: (nil)
  block_size: 4096
  block_size_deviation: 10
  block_restart_interval: 16
  index_block_restart_interval: 1
  filter_policy: rocksdb.BuiltinBloomFilter
  whole_key_filtering: 1
  format_version: 0
2018/05/07-21:53:14.865684 7ff3483c7700        Options.write_buffer_size: 2097152
2018/05/07-21:53:14.865686 7ff3483c7700  Options.max_write_buffer_number: 2
2018/05/07-21:53:14.865687 7ff3483c7700          Options.compression: Snappy
2018/05/07-21:53:14.865689 7ff3483c7700                  Options.bottommost_compression: Disabled
2018/05/07-21:53:14.865690 7ff3483c7700       Options.prefix_extractor: nullptr
2018/05/07-21:53:14.865692 7ff3483c7700   Options.memtable_insert_with_hint_prefix_extractor: nullptr
2018/05/07-21:53:14.865693 7ff3483c7700             Options.num_levels: 7
2018/05/07-21:53:14.865694 7ff3483c7700        Options.min_write_buffer_number_to_merge: 1
2018/05/07-21:53:14.865696 7ff3483c7700     Options.max_write_buffer_number_to_maintain: 0
2018/05/07-21:53:14.865697 7ff3483c7700            Options.compression_opts.window_bits: -14
2018/05/07-21:53:14.865698 7ff3483c7700                  Options.compression_opts.level: -1
2018/05/07-21:53:14.865699 7ff3483c7700               Options.compression_opts.strategy: 0
2018/05/07-21:53:14.865701 7ff3483c7700         Options.compression_opts.max_dict_bytes: 0
2018/05/07-21:53:14.865702 7ff3483c7700      Options.level0_file_num_compaction_trigger: 4
2018/05/07-21:53:14.865703 7ff3483c7700          Options.level0_slowdown_writes_trigger: 20
2018/05/07-21:53:14.865705 7ff3483c7700              Options.level0_stop_writes_trigger: 36
2018/05/07-21:53:14.865706 7ff3483c7700                   Options.target_file_size_base: 67108864
2018/05/07-21:53:14.865707 7ff3483c7700             Options.target_file_size_multiplier: 1
2018/05/07-21:53:14.865709 7ff3483c7700                Options.max_bytes_for_level_base: 268435456
2018/05/07-21:53:14.865710 7ff3483c7700 Options.level_compaction_dynamic_level_bytes: 0
2018/05/07-21:53:14.865713 7ff3483c7700          Options.max_bytes_for_level_multiplier: 10.000000
2018/05/07-21:53:14.865715 7ff3483c7700 Options.max_bytes_for_level_multiplier_addtl[0]: 1
2018/05/07-21:53:14.865716 7ff3483c7700 Options.max_bytes_for_level_multiplier_addtl[1]: 1
2018/05/07-21:53:14.865717 7ff3483c7700 Options.max_bytes_for_level_multiplier_addtl[2]: 1
2018/05/07-21:53:14.865719 7ff3483c7700 Options.max_bytes_for_level_multiplier_addtl[3]: 1
2018/05/07-21:53:14.865720 7ff3483c7700 Options.max_bytes_for_level_multiplier_addtl[4]: 1
2018/05/07-21:53:14.865721 7ff3483c7700 Options.max_bytes_for_level_multiplier_addtl[5]: 1
2018/05/07-21:53:14.865722 7ff3483c7700 Options.max_bytes_for_level_multiplier_addtl[6]: 1
2018/05/07-21:53:14.865724 7ff3483c7700       Options.max_sequential_skip_in_iterations: 8
2018/05/07-21:53:14.865725 7ff3483c7700                    Options.max_compaction_bytes: 1677721600
2018/05/07-21:53:14.865726 7ff3483c7700                        Options.arena_block_size: 262144
2018/05/07-21:53:14.865729 7ff3483c7700   Options.soft_pending_compaction_bytes_limit: 68719476736
2018/05/07-21:53:14.865730 7ff3483c7700   Options.hard_pending_compaction_bytes_limit: 274877906944
2018/05/07-21:53:14.865732 7ff3483c7700       Options.rate_limit_delay_max_milliseconds: 100
2018/05/07-21:53:14.865733 7ff3483c7700                Options.disable_auto_compactions: 0
2018/05/07-21:53:14.865735 7ff3483c7700                        Options.compaction_style: kCompactionStyleLevel
2018/05/07-21:53:14.865736 7ff3483c7700                          Options.compaction_pri: kByCompensatedSize
2018/05/07-21:53:14.865737 7ff3483c7700 Options.compaction_options_universal.size_ratio: 1
2018/05/07-21:53:14.865739 7ff3483c7700 Options.compaction_options_universal.min_merge_width: 2
2018/05/07-21:53:14.865740 7ff3483c7700 Options.compaction_options_universal.max_merge_width: 4294967295
2018/05/07-21:53:14.865741 7ff3483c7700 Options.compaction_options_universal.max_size_amplification_percent: 200
2018/05/07-21:53:14.865743 7ff3483c7700 Options.compaction_options_universal.compression_size_percent: -1
2018/05/07-21:53:14.865744 7ff3483c7700 Options.compaction_options_universal.stop_style: kCompactionStopStyleTotalSize
2018/05/07-21:53:14.865752 7ff3483c7700 Options.compaction_options_fifo.max_table_files_size: 1073741824
2018/05/07-21:53:14.865753 7ff3483c7700 Options.compaction_options_fifo.allow_compaction: 0
2018/05/07-21:53:14.865755 7ff3483c7700 Options.compaction_options_fifo.ttl: 0
2018/05/07-21:53:14.865756 7ff3483c7700                   Options.table_properties_collectors: 
2018/05/07-21:53:14.865757 7ff3483c7700                   Options.inplace_update_support: 0
2018/05/07-21:53:14.865759 7ff3483c7700                 Options.inplace_update_num_locks: 10000
2018/05/07-21:53:14.865760 7ff3483c7700               Options.memtable_prefix_bloom_size_ratio: 0.000000
2018/05/07-21:53:14.865762 7ff3483c7700   Options.memtable_huge_page_size: 0
2018/05/07-21:53:14.865763 7ff3483c7700                           Options.bloom_locality: 0
2018/05/07-21:53:14.865764 7ff3483c7700                    Options.max_successive_merges: 0
2018/05/07-21:53:14.865766 7ff3483c7700                Options.optimize_filters_for_hits: 0
2018/05/07-21:53:14.865767 7ff3483c7700                Options.paranoid_file_checks: 0
2018/05/07-21:53:14.865768 7ff3483c7700                Options.force_consistency_checks: 0
2018/05/07-21:53:14.865770 7ff3483c7700                Options.report_bg_io_stats: 0
2018/05/07-21:53:14.865856 7ff3483c7700 [db/column_family.cc:413] --------------- Options for column family [transaction]:
2018/05/07-21:53:14.865859 7ff3483c7700               Options.comparator: leveldb.BytewiseComparator
2018/05/07-21:53:14.865861 7ff3483c7700           Options.merge_operator: StringAppendOperator
2018/05/07-21:53:14.865862 7ff3483c7700        Options.compaction_filter: None
2018/05/07-21:53:14.865863 7ff3483c7700        Options.compaction_filter_factory: None
2018/05/07-21:53:14.865865 7ff3483c7700         Options.memtable_factory: SkipListFactory
2018/05/07-21:53:14.865866 7ff3483c7700            Options.table_factory: BlockBasedTable
2018/05/07-21:53:14.865883 7ff3483c7700            table_factory options:   flush_block_policy_factory: FlushBlockBySizePolicyFactory (0x7ff340a3c460)
  cache_index_and_filter_blocks: 0
  cache_index_and_filter_blocks_with_high_priority: 0
  pin_l0_filter_and_index_blocks_in_cache: 0
  index_type: 0
  hash_index_allow_collision: 1
  checksum: 1
  no_block_cache: 0
  block_cache: 0x7ff340a3bee8
  block_cache_name: LRUCache
  block_cache_options:
    capacity : 32768
    num_shard_bits : 10
    strict_capacity_limit : 0
    high_pri_pool_ratio: 0.000
  block_cache_compressed: (nil)
  persistent_cache: (nil)
  block_size: 4096
  block_size_deviation: 10
  block_restart_interval: 16
  index_block_restart_interval: 1
  filter_policy: rocksdb.BuiltinBloomFilter
  whole_key_filtering: 1
  format_version: 0
2018/05/07-21:53:14.865886 7ff3483c7700        Options.write_buffer_size: 2097152
2018/05/07-21:53:14.865887 7ff3483c7700  Options.max_write_buffer_number: 2
2018/05/07-21:53:14.865888 7ff3483c7700          Options.compression: Snappy
2018/05/07-21:53:14.865890 7ff3483c7700                  Options.bottommost_compression: Disabled
2018/05/07-21:53:14.865891 7ff3483c7700       Options.prefix_extractor: nullptr
2018/05/07-21:53:14.865892 7ff3483c7700   Options.memtable_insert_with_hint_prefix_extractor: nullptr
2018/05/07-21:53:14.865894 7ff3483c7700             Options.num_levels: 7
2018/05/07-21:53:14.865895 7ff3483c7700        Options.min_write_buffer_number_to_merge: 1
2018/05/07-21:53:14.865896 7ff3483c7700     Options.max_write_buffer_number_to_maintain: 0
2018/05/07-21:53:14.865897 7ff3483c7700            Options.compression_opts.window_bits: -14
2018/05/07-21:53:14.865899 7ff3483c7700                  Options.compression_opts.level: -1
2018/05/07-21:53:14.865900 7ff3483c7700               Options.compression_opts.strategy: 0
2018/05/07-21:53:14.865901 7ff3483c7700         Options.compression_opts.max_dict_bytes: 0
2018/05/07-21:53:14.865902 7ff3483c7700      Options.level0_file_num_compaction_trigger: 4
2018/05/07-21:53:14.865903 7ff3483c7700          Options.level0_slowdown_writes_trigger: 20
2018/05/07-21:53:14.865911 7ff3483c7700              Options.level0_stop_writes_trigger: 36
2018/05/07-21:53:14.865913 7ff3483c7700                   Options.target_file_size_base: 67108864
2018/05/07-21:53:14.865914 7ff3483c7700             Options.target_file_size_multiplier: 1
2018/05/07-21:53:14.865915 7ff3483c7700                Options.max_bytes_for_level_base: 268435456
2018/05/07-21:53:14.865917 7ff3483c7700 Options.level_compaction_dynamic_level_bytes: 0
2018/05/07-21:53:14.865919 7ff3483c7700          Options.max_bytes_for_level_multiplier: 10.000000
2018/05/07-21:53:14.865920 7ff3483c7700 Options.max_bytes_for_level_multiplier_addtl[0]: 1
2018/05/07-21:53:14.865921 7ff3483c7700 Options.max_bytes_for_level_multiplier_addtl[1]: 1
2018/05/07-21:53:14.865923 7ff3483c7700 Options.max_bytes_for_level_multiplier_addtl[2]: 1
2018/05/07-21:53:14.865924 7ff3483c7700 Options.max_bytes_for_level_multiplier_addtl[3]: 1
2018/05/07-21:53:14.865925 7ff3483c7700 Options.max_bytes_for_level_multiplier_addtl[4]: 1
2018/05/07-21:53:14.865926 7ff3483c7700 Options.max_bytes_for_level_multiplier_addtl[5]: 1
2018/05/07-21:53:14.865928 7ff3483c7700 Options.max_bytes_for_level_multiplier_addtl[6]: 1
2018/05/07-21:53:14.865929 7ff3483c7700       Options.max_sequential_skip_in_iterations: 8
2018/05/07-21:53:14.865930 7ff3483c7700                    Options.max_compaction_bytes: 1677721600
2018/05/07-21:53:14.865931 7ff3483c7700                        Options.arena_block_size: 262144
2018/05/07-21:53:14.865933 7ff3483c7700   Options.soft_pending_compaction_bytes_limit: 68719476736
2018/05/07-21:53:14.867162 7ff3483c7700   Options.hard_pending_compaction_bytes_limit: 274877906944
2018/05/07-21:53:14.867173 7ff3483c7700       Options.rate_limit_delay_max_milliseconds: 100
2018/05/07-21:53:14.867175 7ff3483c7700                Options.disable_auto_compactions: 0
2018/05/07-21:53:14.867177 7ff3483c7700                        Options.compaction_style: kCompactionStyleLevel
2018/05/07-21:53:14.867178 7ff3483c7700                          Options.compaction_pri: kByCompensatedSize
2018/05/07-21:53:14.867180 7ff3483c7700 Options.compaction_options_universal.size_ratio: 1
2018/05/07-21:53:14.867181 7ff3483c7700 Options.compaction_options_universal.min_merge_width: 2
2018/05/07-21:53:14.867182 7ff3483c7700 Options.compaction_options_universal.max_merge_width: 4294967295
2018/05/07-21:53:14.867184 7ff3483c7700 Options.compaction_options_universal.max_size_amplification_percent: 200
2018/05/07-21:53:14.867185 7ff3483c7700 Options.compaction_options_universal.compression_size_percent: -1
2018/05/07-21:53:14.867187 7ff3483c7700 Options.compaction_options_universal.stop_style: kCompactionStopStyleTotalSize
2018/05/07-21:53:14.867188 7ff3483c7700 Options.compaction_options_fifo.max_table_files_size: 1073741824
2018/05/07-21:53:14.867189 7ff3483c7700 Options.compaction_options_fifo.allow_compaction: 0
2018/05/07-21:53:14.867191 7ff3483c7700 Options.compaction_options_fifo.ttl: 0
2018/05/07-21:53:14.867192 7ff3483c7700                   Options.table_properties_collectors: 
2018/05/07-21:53:14.867193 7ff3483c7700                   Options.inplace_update_support: 0
2018/05/07-21:53:14.867195 7ff3483c7700                 Options.inplace_update_num_locks: 10000
2018/05/07-21:53:14.867197 7ff3483c7700               Options.memtable_prefix_bloom_size_ratio: 0.000000
2018/05/07-21:53:14.867199 7ff3483c7700   Options.memtable_huge_page_size: 0
2018/05/07-21:53:14.867200 7ff3483c7700                           Options.bloom_locality: 0
2018/05/07-21:53:14.867201 7ff3483c7700                    Options.max_successive_merges: 0
2018/05/07-21:53:14.867203 7ff3483c7700                Options.optimize_filters_for_hits: 0
2018/05/07-21:53:14.867204 7ff3483c7700                Options.paranoid_file_checks: 0
2018/05/07-21:53:14.867205 7ff3483c7700                Options.force_consistency_checks: 0
2018/05/07-21:53:14.867206 7ff3483c7700                Options.report_bg_io_stats: 0
2018/05/07-21:53:14.867268 7ff3483c7700 [db/column_family.cc:413] --------------- Options for column family [transaction-metadata]:
2018/05/07-21:53:14.867294 7ff3483c7700               Options.comparator: leveldb.BytewiseComparator
2018/05/07-21:53:14.867296 7ff3483c7700           Options.merge_operator: StringAppendOperator
2018/05/07-21:53:14.867297 7ff3483c7700        Options.compaction_filter: None
2018/05/07-21:53:14.867298 7ff3483c7700        Options.compaction_filter_factory: None
2018/05/07-21:53:14.867300 7ff3483c7700         Options.memtable_factory: SkipListFactory
2018/05/07-21:53:14.867301 7ff3483c7700            Options.table_factory: BlockBasedTable
2018/05/07-21:53:14.867323 7ff3483c7700            table_factory options:   flush_block_policy_factory: FlushBlockBySizePolicyFactory (0x7ff340a3c460)
  cache_index_and_filter_blocks: 0
  cache_index_and_filter_blocks_with_high_priority: 0
  pin_l0_filter_and_index_blocks_in_cache: 0
  index_type: 0
  hash_index_allow_collision: 1
  checksum: 1
  no_block_cache: 0
  block_cache: 0x7ff340a3bee8
  block_cache_name: LRUCache
  block_cache_options:
    capacity : 32768
    num_shard_bits : 10
    strict_capacity_limit : 0
    high_pri_pool_ratio: 0.000
  block_cache_compressed: (nil)
  persistent_cache: (nil)
  block_size: 4096
  block_size_deviation: 10
  block_restart_interval: 16
  index_block_restart_interval: 1
  filter_policy: rocksdb.BuiltinBloomFilter
  whole_key_filtering: 1
  format_version: 0
2018/05/07-21:53:14.867326 7ff3483c7700        Options.write_buffer_size: 2097152
2018/05/07-21:53:14.867327 7ff3483c7700  Options.max_write_buffer_number: 2
2018/05/07-21:53:14.867329 7ff3483c7700          Options.compression: Snappy
2018/05/07-21:53:14.867331 7ff3483c7700                  Options.bottommost_compression: Disabled
2018/05/07-21:53:14.867332 7ff3483c7700       Options.prefix_extractor: nullptr
2018/05/07-21:53:14.867334 7ff3483c7700   Options.memtable_insert_with_hint_prefix_extractor: nullptr
2018/05/07-21:53:14.867335 7ff3483c7700             Options.num_levels: 7
2018/05/07-21:53:14.867336 7ff3483c7700        Options.min_write_buffer_number_to_merge: 1
2018/05/07-21:53:14.867337 7ff3483c7700     Options.max_write_buffer_number_to_maintain: 0
2018/05/07-21:53:14.867339 7ff3483c7700            Options.compression_opts.window_bits: -14
2018/05/07-21:53:14.867340 7ff3483c7700                  Options.compression_opts.level: -1
2018/05/07-21:53:14.867341 7ff3483c7700               Options.compression_opts.strategy: 0
2018/05/07-21:53:14.867342 7ff3483c7700         Options.compression_opts.max_dict_bytes: 0
2018/05/07-21:53:14.867344 7ff3483c7700      Options.level0_file_num_compaction_trigger: 4
2018/05/07-21:53:14.867345 7ff3483c7700          Options.level0_slowdown_writes_trigger: 20
2018/05/07-21:53:14.867346 7ff3483c7700              Options.level0_stop_writes_trigger: 36
2018/05/07-21:53:14.867347 7ff3483c7700                   Options.target_file_size_base: 67108864
2018/05/07-21:53:14.867349 7ff3483c7700             Options.target_file_size_multiplier: 1
2018/05/07-21:53:14.867350 7ff3483c7700                Options.max_bytes_for_level_base: 268435456
2018/05/07-21:53:14.867351 7ff3483c7700 Options.level_compaction_dynamic_level_bytes: 0
2018/05/07-21:53:14.867354 7ff3483c7700          Options.max_bytes_for_level_multiplier: 10.000000
2018/05/07-21:53:14.867355 7ff3483c7700 Options.max_bytes_for_level_multiplier_addtl[0]: 1
2018/05/07-21:53:14.867357 7ff3483c7700 Options.max_bytes_for_level_multiplier_addtl[1]: 1
2018/05/07-21:53:14.867358 7ff3483c7700 Options.max_bytes_for_level_multiplier_addtl[2]: 1
2018/05/07-21:53:14.867359 7ff3483c7700 Options.max_bytes_for_level_multiplier_addtl[3]: 1
2018/05/07-21:53:14.867360 7ff3483c7700 Options.max_bytes_for_level_multiplier_addtl[4]: 1
2018/05/07-21:53:14.867362 7ff3483c7700 Options.max_bytes_for_level_multiplier_addtl[5]: 1
2018/05/07-21:53:14.867363 7ff3483c7700 Options.max_bytes_for_level_multiplier_addtl[6]: 1
2018/05/07-21:53:14.867364 7ff3483c7700       Options.max_sequential_skip_in_iterations: 8
2018/05/07-21:53:14.867365 7ff3483c7700                    Options.max_compaction_bytes: 1677721600
2018/05/07-21:53:14.867374 7ff3483c7700                        Options.arena_block_size: 262144
2018/05/07-21:53:14.867376 7ff3483c7700   Options.soft_pending_compaction_bytes_limit: 68719476736
2018/05/07-21:53:14.867377 7ff3483c7700   Options.hard_pending_compaction_bytes_limit: 274877906944
2018/05/07-21:53:14.867379 7ff3483c7700       Options.rate_limit_delay_max_milliseconds: 100
2018/05/07-21:53:14.867380 7ff3483c7700                Options.disable_auto_compactions: 0
2018/05/07-21:53:14.867381 7ff3483c7700                        Options.compaction_style: kCompactionStyleLevel
2018/05/07-21:53:14.867383 7ff3483c7700                          Options.compaction_pri: kByCompensatedSize
2018/05/07-21:53:14.867384 7ff3483c7700 Options.compaction_options_universal.size_ratio: 1
2018/05/07-21:53:14.867386 7ff3483c7700 Options.compaction_options_universal.min_merge_width: 2
2018/05/07-21:53:14.867387 7ff3483c7700 Options.compaction_options_universal.max_merge_width: 4294967295
2018/05/07-21:53:14.867388 7ff3483c7700 Options.compaction_options_universal.max_size_amplification_percent: 200
2018/05/07-21:53:14.867389 7ff3483c7700 Options.compaction_options_universal.compression_size_percent: -1
2018/05/07-21:53:14.867391 7ff3483c7700 Options.compaction_options_universal.stop_style: kCompactionStopStyleTotalSize
2018/05/07-21:53:14.867392 7ff3483c7700 Options.compaction_options_fifo.max_table_files_size: 1073741824
2018/05/07-21:53:14.867393 7ff3483c7700 Options.compaction_options_fifo.allow_compaction: 0
2018/05/07-21:53:14.867395 7ff3483c7700 Options.compaction_options_fifo.ttl: 0
2018/05/07-21:53:14.867396 7ff3483c7700                   Options.table_properties_collectors: 
2018/05/07-21:53:14.867397 7ff3483c7700                   Options.inplace_update_support: 0
2018/05/07-21:53:14.867398 7ff3483c7700                 Options.inplace_update_num_locks: 10000
2018/05/07-21:53:14.867400 7ff3483c7700               Options.memtable_prefix_bloom_size_ratio: 0.000000
2018/05/07-21:53:14.867401 7ff3483c7700   Options.memtable_huge_page_size: 0
2018/05/07-21:53:14.867403 7ff3483c7700                           Options.bloom_locality: 0
2018/05/07-21:53:14.867404 7ff3483c7700                    Options.max_successive_merges: 0
2018/05/07-21:53:14.867406 7ff3483c7700                Options.optimize_filters_for_hits: 0
2018/05/07-21:53:14.867407 7ff3483c7700                Options.paranoid_file_checks: 0
2018/05/07-21:53:14.867409 7ff3483c7700                Options.force_consistency_checks: 0
2018/05/07-21:53:14.867410 7ff3483c7700                Options.report_bg_io_stats: 0
2018/05/07-21:53:14.867433 7ff3483c7700 [db/column_family.cc:413] --------------- Options for column family [milestone]:
2018/05/07-21:53:14.867435 7ff3483c7700               Options.comparator: leveldb.BytewiseComparator
2018/05/07-21:53:14.867436 7ff3483c7700           Options.merge_operator: StringAppendOperator
2018/05/07-21:53:14.867437 7ff3483c7700        Options.compaction_filter: None
2018/05/07-21:53:14.867439 7ff3483c7700        Options.compaction_filter_factory: None
2018/05/07-21:53:14.867440 7ff3483c7700         Options.memtable_factory: SkipListFactory
2018/05/07-21:53:14.867441 7ff3483c7700            Options.table_factory: BlockBasedTable
2018/05/07-21:53:14.867455 7ff3483c7700            table_factory options:   flush_block_policy_factory: FlushBlockBySizePolicyFactory (0x7ff340a3c460)
  cache_index_and_filter_blocks: 0
  cache_index_and_filter_blocks_with_high_priority: 0
  pin_l0_filter_and_index_blocks_in_cache: 0
  index_type: 0
  hash_index_allow_collision: 1
  checksum: 1
  no_block_cache: 0
  block_cache: 0x7ff340a3bee8
  block_cache_name: LRUCache
  block_cache_options:
    capacity : 32768
    num_shard_bits : 10
    strict_capacity_limit : 0
    high_pri_pool_ratio: 0.000
  block_cache_compressed: (nil)
  persistent_cache: (nil)
  block_size: 4096
  block_size_deviation: 10
  block_restart_interval: 16
  index_block_restart_interval: 1
  filter_policy: rocksdb.BuiltinBloomFilter
  whole_key_filtering: 1
  format_version: 0
2018/05/07-21:53:14.867465 7ff3483c7700        Options.write_buffer_size: 2097152
2018/05/07-21:53:14.867466 7ff3483c7700  Options.max_write_buffer_number: 2
2018/05/07-21:53:14.867467 7ff3483c7700          Options.compression: Snappy
2018/05/07-21:53:14.867469 7ff3483c7700                  Options.bottommost_compression: Disabled
2018/05/07-21:53:14.867470 7ff3483c7700       Options.prefix_extractor: nullptr
2018/05/07-21:53:14.867472 7ff3483c7700   Options.memtable_insert_with_hint_prefix_extractor: nullptr
2018/05/07-21:53:14.867473 7ff3483c7700             Options.num_levels: 7
2018/05/07-21:53:14.867474 7ff3483c7700        Options.min_write_buffer_number_to_merge: 1
2018/05/07-21:53:14.867475 7ff3483c7700     Options.max_write_buffer_number_to_maintain: 0
2018/05/07-21:53:14.867476 7ff3483c7700            Options.compression_opts.window_bits: -14
2018/05/07-21:53:14.867478 7ff3483c7700                  Options.compression_opts.level: -1
2018/05/07-21:53:14.867480 7ff3483c7700               Options.compression_opts.strategy: 0
2018/05/07-21:53:14.867481 7ff3483c7700         Options.compression_opts.max_dict_bytes: 0
2018/05/07-21:53:14.867483 7ff3483c7700      Options.level0_file_num_compaction_trigger: 4
2018/05/07-21:53:14.867484 7ff3483c7700          Options.level0_slowdown_writes_trigger: 20
2018/05/07-21:53:14.867485 7ff3483c7700              Options.level0_stop_writes_trigger: 36
2018/05/07-21:53:14.867487 7ff3483c7700                   Options.target_file_size_base: 67108864
2018/05/07-21:53:14.867488 7ff3483c7700             Options.target_file_size_multiplier: 1
2018/05/07-21:53:14.867489 7ff3483c7700                Options.max_bytes_for_level_base: 268435456
2018/05/07-21:53:14.867491 7ff3483c7700 Options.level_compaction_dynamic_level_bytes: 0
2018/05/07-21:53:14.867493 7ff3483c7700          Options.max_bytes_for_level_multiplier: 10.000000
2018/05/07-21:53:14.867494 7ff3483c7700 Options.max_bytes_for_level_multiplier_addtl[0]: 1
2018/05/07-21:53:14.867495 7ff3483c7700 Options.max_bytes_for_level_multiplier_addtl[1]: 1
2018/05/07-21:53:14.867497 7ff3483c7700 Options.max_bytes_for_level_multiplier_addtl[2]: 1
2018/05/07-21:53:14.867498 7ff3483c7700 Options.max_bytes_for_level_multiplier_addtl[3]: 1
2018/05/07-21:53:14.867499 7ff3483c7700 Options.max_bytes_for_level_multiplier_addtl[4]: 1
2018/05/07-21:53:14.867501 7ff3483c7700 Options.max_bytes_for_level_multiplier_addtl[5]: 1
2018/05/07-21:53:14.867502 7ff3483c7700 Options.max_bytes_for_level_multiplier_addtl[6]: 1
2018/05/07-21:53:14.867503 7ff3483c7700       Options.max_sequential_skip_in_iterations: 8
2018/05/07-21:53:14.867505 7ff3483c7700                    Options.max_compaction_bytes: 1677721600
2018/05/07-21:53:14.867506 7ff3483c7700                        Options.arena_block_size: 262144
2018/05/07-21:53:14.867507 7ff3483c7700   Options.soft_pending_compaction_bytes_limit: 68719476736
2018/05/07-21:53:14.867509 7ff3483c7700   Options.hard_pending_compaction_bytes_limit: 274877906944
2018/05/07-21:53:14.867510 7ff3483c7700       Options.rate_limit_delay_max_milliseconds: 100
2018/05/07-21:53:14.867511 7ff3483c7700                Options.disable_auto_compactions: 0
2018/05/07-21:53:14.867513 7ff3483c7700                        Options.compaction_style: kCompactionStyleLevel
2018/05/07-21:53:14.867514 7ff3483c7700                          Options.compaction_pri: kByCompensatedSize
2018/05/07-21:53:14.867515 7ff3483c7700 Options.compaction_options_universal.size_ratio: 1
2018/05/07-21:53:14.867517 7ff3483c7700 Options.compaction_options_universal.min_merge_width: 2
2018/05/07-21:53:14.867518 7ff3483c7700 Options.compaction_options_universal.max_merge_width: 4294967295
2018/05/07-21:53:14.867519 7ff3483c7700 Options.compaction_options_universal.max_size_amplification_percent: 200
2018/05/07-21:53:14.867520 7ff3483c7700 Options.compaction_options_universal.compression_size_percent: -1
2018/05/07-21:53:14.867522 7ff3483c7700 Options.compaction_options_universal.stop_style: kCompactionStopStyleTotalSize
2018/05/07-21:53:14.867523 7ff3483c7700 Options.compaction_options_fifo.max_table_files_size: 1073741824
2018/05/07-21:53:14.867529 7ff3483c7700 Options.compaction_options_fifo.allow_compaction: 0
2018/05/07-21:53:14.867530 7ff3483c7700 Options.compaction_options_fifo.ttl: 0
2018/05/07-21:53:14.867532 7ff3483c7700                   Options.table_properties_collectors: 
2018/05/07-21:53:14.867533 7ff3483c7700                   Options.inplace_update_support: 0
2018/05/07-21:53:14.867534 7ff3483c7700                 Options.inplace_update_num_locks: 10000
2018/05/07-21:53:14.867536 7ff3483c7700               Options.memtable_prefix_bloom_size_ratio: 0.000000
2018/05/07-21:53:14.867537 7ff3483c7700   Options.memtable_huge_page_size: 0
2018/05/07-21:53:14.867538 7ff3483c7700                           Options.bloom_locality: 0
2018/05/07-21:53:14.867539 7ff3483c7700                    Options.max_successive_merges: 0
2018/05/07-21:53:14.867541 7ff3483c7700                Options.optimize_filters_for_hits: 0
2018/05/07-21:53:14.867542 7ff3483c7700                Options.paranoid_file_checks: 0
2018/05/07-21:53:14.867543 7ff3483c7700                Options.force_consistency_checks: 0
2018/05/07-21:53:14.867544 7ff3483c7700                Options.report_bg_io_stats: 0
2018/05/07-21:53:14.867572 7ff3483c7700 [db/column_family.cc:413] --------------- Options for column family [stateDiff]:
2018/05/07-21:53:14.867574 7ff3483c7700               Options.comparator: leveldb.BytewiseComparator
2018/05/07-21:53:14.867576 7ff3483c7700           Options.merge_operator: StringAppendOperator
2018/05/07-21:53:14.867577 7ff3483c7700        Options.compaction_filter: None
2018/05/07-21:53:14.867579 7ff3483c7700        Options.compaction_filter_factory: None
2018/05/07-21:53:14.867580 7ff3483c7700         Options.memtable_factory: SkipListFactory
2018/05/07-21:53:14.867581 7ff3483c7700            Options.table_factory: BlockBasedTable
2018/05/07-21:53:14.867595 7ff3483c7700            table_factory options:   flush_block_policy_factory: FlushBlockBySizePolicyFactory (0x7ff340a3c460)
  cache_index_and_filter_blocks: 0
  cache_index_and_filter_blocks_with_high_priority: 0
  pin_l0_filter_and_index_blocks_in_cache: 0
  index_type: 0
  hash_index_allow_collision: 1
  checksum: 1
  no_block_cache: 0
  block_cache: 0x7ff340a3bee8
  block_cache_name: LRUCache
  block_cache_options:
    capacity : 32768
    num_shard_bits : 10
    strict_capacity_limit : 0
    high_pri_pool_ratio: 0.000
  block_cache_compressed: (nil)
  persistent_cache: (nil)
  block_size: 4096
  block_size_deviation: 10
  block_restart_interval: 16
  index_block_restart_interval: 1
  filter_policy: rocksdb.BuiltinBloomFilter
  whole_key_filtering: 1
  format_version: 0
2018/05/07-21:53:14.867597 7ff3483c7700        Options.write_buffer_size: 2097152
2018/05/07-21:53:14.867599 7ff3483c7700  Options.max_write_buffer_number: 2
2018/05/07-21:53:14.867600 7ff3483c7700          Options.compression: Snappy
2018/05/07-21:53:14.867601 7ff3483c7700                  Options.bottommost_compression: Disabled
2018/05/07-21:53:14.867603 7ff3483c7700       Options.prefix_extractor: nullptr
2018/05/07-21:53:14.867604 7ff3483c7700   Options.memtable_insert_with_hint_prefix_extractor: nullptr
2018/05/07-21:53:14.867605 7ff3483c7700             Options.num_levels: 7
2018/05/07-21:53:14.867606 7ff3483c7700        Options.min_write_buffer_number_to_merge: 1
2018/05/07-21:53:14.867608 7ff3483c7700     Options.max_write_buffer_number_to_maintain: 0
2018/05/07-21:53:14.867609 7ff3483c7700            Options.compression_opts.window_bits: -14
2018/05/07-21:53:14.867610 7ff3483c7700                  Options.compression_opts.level: -1
2018/05/07-21:53:14.867611 7ff3483c7700               Options.compression_opts.strategy: 0
2018/05/07-21:53:14.867613 7ff3483c7700         Options.compression_opts.max_dict_bytes: 0
2018/05/07-21:53:14.867614 7ff3483c7700      Options.level0_file_num_compaction_trigger: 4
2018/05/07-21:53:14.867615 7ff3483c7700          Options.level0_slowdown_writes_trigger: 20
2018/05/07-21:53:14.867616 7ff3483c7700              Options.level0_stop_writes_trigger: 36
2018/05/07-21:53:14.867623 7ff3483c7700                   Options.target_file_size_base: 67108864
2018/05/07-21:53:14.867625 7ff3483c7700             Options.target_file_size_multiplier: 1
2018/05/07-21:53:14.867626 7ff3483c7700                Options.max_bytes_for_level_base: 268435456
2018/05/07-21:53:14.867627 7ff3483c7700 Options.level_compaction_dynamic_level_bytes: 0
2018/05/07-21:53:14.867629 7ff3483c7700          Options.max_bytes_for_level_multiplier: 10.000000
2018/05/07-21:53:14.867631 7ff3483c7700 Options.max_bytes_for_level_multiplier_addtl[0]: 1
2018/05/07-21:53:14.867632 7ff3483c7700 Options.max_bytes_for_level_multiplier_addtl[1]: 1
2018/05/07-21:53:14.867633 7ff3483c7700 Options.max_bytes_for_level_multiplier_addtl[2]: 1
2018/05/07-21:53:14.867634 7ff3483c7700 Options.max_bytes_for_level_multiplier_addtl[3]: 1
2018/05/07-21:53:14.867636 7ff3483c7700 Options.max_bytes_for_level_multiplier_addtl[4]: 1
2018/05/07-21:53:14.867637 7ff3483c7700 Options.max_bytes_for_level_multiplier_addtl[5]: 1
2018/05/07-21:53:14.867638 7ff3483c7700 Options.max_bytes_for_level_multiplier_addtl[6]: 1
2018/05/07-21:53:14.867639 7ff3483c7700       Options.max_sequential_skip_in_iterations: 8
2018/05/07-21:53:14.867640 7ff3483c7700                    Options.max_compaction_bytes: 1677721600
2018/05/07-21:53:14.867642 7ff3483c7700                        Options.arena_block_size: 262144
2018/05/07-21:53:14.867643 7ff3483c7700   Options.soft_pending_compaction_bytes_limit: 68719476736
2018/05/07-21:53:14.867644 7ff3483c7700   Options.hard_pending_compaction_bytes_limit: 274877906944
2018/05/07-21:53:14.867646 7ff3483c7700       Options.rate_limit_delay_max_milliseconds: 100
2018/05/07-21:53:14.867647 7ff3483c7700                Options.disable_auto_compactions: 0
2018/05/07-21:53:14.867648 7ff3483c7700                        Options.compaction_style: kCompactionStyleLevel
2018/05/07-21:53:14.867649 7ff3483c7700                          Options.compaction_pri: kByCompensatedSize
2018/05/07-21:53:14.867651 7ff3483c7700 Options.compaction_options_universal.size_ratio: 1
2018/05/07-21:53:14.867652 7ff3483c7700 Options.compaction_options_universal.min_merge_width: 2
2018/05/07-21:53:14.867653 7ff3483c7700 Options.compaction_options_universal.max_merge_width: 4294967295
2018/05/07-21:53:14.867654 7ff3483c7700 Options.compaction_options_universal.max_size_amplification_percent: 200
2018/05/07-21:53:14.867656 7ff3483c7700 Options.compaction_options_universal.compression_size_percent: -1
2018/05/07-21:53:14.867657 7ff3483c7700 Options.compaction_options_universal.stop_style: kCompactionStopStyleTotalSize
2018/05/07-21:53:14.867658 7ff3483c7700 Options.compaction_options_fifo.max_table_files_size: 1073741824
2018/05/07-21:53:14.867659 7ff3483c7700 Options.compaction_options_fifo.allow_compaction: 0
2018/05/07-21:53:14.867661 7ff3483c7700 Options.compaction_options_fifo.ttl: 0
2018/05/07-21:53:14.867662 7ff3483c7700                   Options.table_properties_collectors: 
