2018/04/09-16:35:37.420645 7f74a1b2c700 RocksDB version: 5.7.3
2018/04/09-16:35:37.420675 7f74a1b2c700 Git sha rocksdb_build_git_sha:
2018/04/09-16:35:37.420677 7f74a1b2c700 Compile date Sep  1 2017
2018/04/09-16:35:37.420680 7f74a1b2c700 DB SUMMARY
2018/04/09-16:35:37.420716 7f74a1b2c700 CURRENT file:  CURRENT
2018/04/09-16:35:37.420718 7f74a1b2c700 IDENTITY file:  IDENTITY
2018/04/09-16:35:37.420721 7f74a1b2c700 MANIFEST file:  MANIFEST-000020 size: 703 Bytes
2018/04/09-16:35:37.420724 7f74a1b2c700 SST files in testnetdb dir, Total Num: 0, files: 
2018/04/09-16:35:37.420727 7f74a1b2c700 Write Ahead Log file in testnetdb: 000021.log size: 8439 ; 
2018/04/09-16:35:37.420734 7f74a1b2c700                         Options.error_if_exists: 0
2018/04/09-16:35:37.420735 7f74a1b2c700                       Options.create_if_missing: 1
2018/04/09-16:35:37.420737 7f74a1b2c700                         Options.paranoid_checks: 1
2018/04/09-16:35:37.420738 7f74a1b2c700                                     Options.env: 0x7f7480e56880
2018/04/09-16:35:37.420739 7f74a1b2c700                                Options.info_log: 0x7f7498b0aa40
2018/04/09-16:35:37.420740 7f74a1b2c700                Options.max_file_opening_threads: 16
2018/04/09-16:35:37.420742 7f74a1b2c700                               Options.use_fsync: 0
2018/04/09-16:35:37.420743 7f74a1b2c700                       Options.max_log_file_size: 1048576
2018/04/09-16:35:37.420744 7f74a1b2c700                  Options.max_manifest_file_size: 1048576
2018/04/09-16:35:37.420765 7f74a1b2c700                   Options.log_file_time_to_roll: 0
2018/04/09-16:35:37.420767 7f74a1b2c700                       Options.keep_log_file_num: 1000
2018/04/09-16:35:37.420768 7f74a1b2c700                    Options.recycle_log_file_num: 0
2018/04/09-16:35:37.420769 7f74a1b2c700                         Options.allow_fallocate: 1
2018/04/09-16:35:37.420770 7f74a1b2c700                        Options.allow_mmap_reads: 0
2018/04/09-16:35:37.420771 7f74a1b2c700                       Options.allow_mmap_writes: 0
2018/04/09-16:35:37.420772 7f74a1b2c700                        Options.use_direct_reads: 0
2018/04/09-16:35:37.420774 7f74a1b2c700                        Options.use_direct_io_for_flush_and_compaction: 0
2018/04/09-16:35:37.420775 7f74a1b2c700          Options.create_missing_column_families: 1
2018/04/09-16:35:37.420776 7f74a1b2c700                              Options.db_log_dir: testnetdb.log
2018/04/09-16:35:37.420778 7f74a1b2c700                                 Options.wal_dir: testnetdb
2018/04/09-16:35:37.420779 7f74a1b2c700                Options.table_cache_numshardbits: 6
2018/04/09-16:35:37.420780 7f74a1b2c700                      Options.max_subcompactions: 4
2018/04/09-16:35:37.420781 7f74a1b2c700                  Options.max_background_flushes: -1
2018/04/09-16:35:37.420782 7f74a1b2c700                         Options.WAL_ttl_seconds: 0
2018/04/09-16:35:37.420784 7f74a1b2c700                       Options.WAL_size_limit_MB: 0
2018/04/09-16:35:37.420785 7f74a1b2c700             Options.manifest_preallocation_size: 4194304
2018/04/09-16:35:37.420786 7f74a1b2c700                     Options.is_fd_close_on_exec: 1
2018/04/09-16:35:37.420787 7f74a1b2c700                   Options.advise_random_on_open: 1
2018/04/09-16:35:37.420788 7f74a1b2c700                    Options.db_write_buffer_size: 0
2018/04/09-16:35:37.420790 7f74a1b2c700         Options.access_hint_on_compaction_start: 1
2018/04/09-16:35:37.420791 7f74a1b2c700  Options.new_table_reader_for_compaction_inputs: 0
2018/04/09-16:35:37.420792 7f74a1b2c700               Options.compaction_readahead_size: 0
2018/04/09-16:35:37.420795 7f74a1b2c700           Options.random_access_max_buffer_size: 1048576
2018/04/09-16:35:37.420796 7f74a1b2c700           Options.writable_file_max_buffer_size: 1048576
2018/04/09-16:35:37.420797 7f74a1b2c700                      Options.use_adaptive_mutex: 0
2018/04/09-16:35:37.420798 7f74a1b2c700                            Options.rate_limiter: (nil)
2018/04/09-16:35:37.420801 7f74a1b2c700     Options.sst_file_manager.rate_bytes_per_sec: 0
2018/04/09-16:35:37.420802 7f74a1b2c700                          Options.bytes_per_sync: 0
2018/04/09-16:35:37.420811 7f74a1b2c700                      Options.wal_bytes_per_sync: 0
2018/04/09-16:35:37.420813 7f74a1b2c700                       Options.wal_recovery_mode: 2
2018/04/09-16:35:37.420814 7f74a1b2c700                  Options.enable_thread_tracking: 0
2018/04/09-16:35:37.420815 7f74a1b2c700                  Options.enable_pipelined_write: 0
2018/04/09-16:35:37.420816 7f74a1b2c700         Options.allow_concurrent_memtable_write: 1
2018/04/09-16:35:37.420817 7f74a1b2c700      Options.enable_write_thread_adaptive_yield: 1
2018/04/09-16:35:37.420819 7f74a1b2c700             Options.write_thread_max_yield_usec: 100
2018/04/09-16:35:37.420820 7f74a1b2c700            Options.write_thread_slow_yield_usec: 3
2018/04/09-16:35:37.420821 7f74a1b2c700                               Options.row_cache: None
2018/04/09-16:35:37.420822 7f74a1b2c700                              Options.wal_filter: None
2018/04/09-16:35:37.420824 7f74a1b2c700             Options.avoid_flush_during_recovery: 0
2018/04/09-16:35:37.420825 7f74a1b2c700             Options.allow_ingest_behind: 0
2018/04/09-16:35:37.420826 7f74a1b2c700             Options.concurrent_prepare: 0
2018/04/09-16:35:37.420827 7f74a1b2c700             Options.manual_wal_flush: 0
2018/04/09-16:35:37.420830 7f74a1b2c700             Options.max_background_jobs: 2
2018/04/09-16:35:37.420831 7f74a1b2c700             Options.max_background_compactions: 1
2018/04/09-16:35:37.420832 7f74a1b2c700             Options.avoid_flush_during_shutdown: 0
2018/04/09-16:35:37.420833 7f74a1b2c700             Options.delayed_write_rate : 16777216
2018/04/09-16:35:37.420834 7f74a1b2c700             Options.max_total_wal_size: 0
2018/04/09-16:35:37.420836 7f74a1b2c700             Options.delete_obsolete_files_period_micros: 21600000000
2018/04/09-16:35:37.420837 7f74a1b2c700                   Options.stats_dump_period_sec: 600
2018/04/09-16:35:37.420838 7f74a1b2c700                          Options.max_open_files: 10000
2018/04/09-16:35:37.420840 7f74a1b2c700 Compression algorithms supported:
2018/04/09-16:35:37.420841 7f74a1b2c700 	Snappy supported: 1
2018/04/09-16:35:37.420842 7f74a1b2c700 	Zlib supported: 1
2018/04/09-16:35:37.420844 7f74a1b2c700 	Bzip supported: 1
2018/04/09-16:35:37.420845 7f74a1b2c700 	LZ4 supported: 1
2018/04/09-16:35:37.420850 7f74a1b2c700 	ZSTD supported: 1
2018/04/09-16:35:37.420853 7f74a1b2c700 Fast CRC32 supported: 0
2018/04/09-16:35:37.421042 7f74a1b2c700 [db/version_set.cc:2712] Recovering from manifest file: MANIFEST-000020
2018/04/09-16:35:37.421120 7f74a1b2c700 [db/column_family.cc:413] --------------- Options for column family [default]:
2018/04/09-16:35:37.421124 7f74a1b2c700               Options.comparator: leveldb.BytewiseComparator
2018/04/09-16:35:37.421126 7f74a1b2c700           Options.merge_operator: StringAppendOperator
2018/04/09-16:35:37.421127 7f74a1b2c700        Options.compaction_filter: None
2018/04/09-16:35:37.421129 7f74a1b2c700        Options.compaction_filter_factory: None
2018/04/09-16:35:37.421130 7f74a1b2c700         Options.memtable_factory: SkipListFactory
2018/04/09-16:35:37.421140 7f74a1b2c700            Options.table_factory: BlockBasedTable
2018/04/09-16:35:37.421174 7f74a1b2c700            table_factory options:   flush_block_policy_factory: FlushBlockBySizePolicyFactory (0x7f7498ab4050)
  cache_index_and_filter_blocks: 0
  cache_index_and_filter_blocks_with_high_priority: 0
  pin_l0_filter_and_index_blocks_in_cache: 0
  index_type: 0
  hash_index_allow_collision: 1
  checksum: 1
  no_block_cache: 0
  block_cache: 0x7f7498ab4568
  block_cache_name: LRUCache
  block_cache_options:
    capacity : 32768
    num_shard_bits : 10
    strict_capacity_limit : 0
    high_pri_pool_ratio: 0.000
  block_cache_compressed: (nil)
  persistent_cache: (nil)
  block_size: 4096
  block_size_deviation: 10
  block_restart_interval: 16
  index_block_restart_interval: 1
  filter_policy: rocksdb.BuiltinBloomFilter
  whole_key_filtering: 1
  format_version: 0
2018/04/09-16:35:37.421178 7f74a1b2c700        Options.write_buffer_size: 2097152
2018/04/09-16:35:37.421187 7f74a1b2c700  Options.max_write_buffer_number: 2
2018/04/09-16:35:37.421189 7f74a1b2c700          Options.compression: Snappy
2018/04/09-16:35:37.421204 7f74a1b2c700                  Options.bottommost_compression: Disabled
2018/04/09-16:35:37.421205 7f74a1b2c700       Options.prefix_extractor: nullptr
2018/04/09-16:35:37.421207 7f74a1b2c700   Options.memtable_insert_with_hint_prefix_extractor: nullptr
2018/04/09-16:35:37.421208 7f74a1b2c700             Options.num_levels: 7
2018/04/09-16:35:37.421209 7f74a1b2c700        Options.min_write_buffer_number_to_merge: 1
2018/04/09-16:35:37.421210 7f74a1b2c700     Options.max_write_buffer_number_to_maintain: 0
2018/04/09-16:35:37.421212 7f74a1b2c700            Options.compression_opts.window_bits: -14
2018/04/09-16:35:37.421213 7f74a1b2c700                  Options.compression_opts.level: -1
2018/04/09-16:35:37.421214 7f74a1b2c700               Options.compression_opts.strategy: 0
2018/04/09-16:35:37.421215 7f74a1b2c700         Options.compression_opts.max_dict_bytes: 0
2018/04/09-16:35:37.421216 7f74a1b2c700      Options.level0_file_num_compaction_trigger: 4
2018/04/09-16:35:37.421218 7f74a1b2c700          Options.level0_slowdown_writes_trigger: 20
2018/04/09-16:35:37.421219 7f74a1b2c700              Options.level0_stop_writes_trigger: 36
2018/04/09-16:35:37.421220 7f74a1b2c700                   Options.target_file_size_base: 67108864
2018/04/09-16:35:37.421222 7f74a1b2c700             Options.target_file_size_multiplier: 1
2018/04/09-16:35:37.421223 7f74a1b2c700                Options.max_bytes_for_level_base: 268435456
2018/04/09-16:35:37.421224 7f74a1b2c700 Options.level_compaction_dynamic_level_bytes: 0
2018/04/09-16:35:37.421227 7f74a1b2c700          Options.max_bytes_for_level_multiplier: 10.000000
2018/04/09-16:35:37.421229 7f74a1b2c700 Options.max_bytes_for_level_multiplier_addtl[0]: 1
2018/04/09-16:35:37.421230 7f74a1b2c700 Options.max_bytes_for_level_multiplier_addtl[1]: 1
2018/04/09-16:35:37.421231 7f74a1b2c700 Options.max_bytes_for_level_multiplier_addtl[2]: 1
2018/04/09-16:35:37.421232 7f74a1b2c700 Options.max_bytes_for_level_multiplier_addtl[3]: 1
2018/04/09-16:35:37.421234 7f74a1b2c700 Options.max_bytes_for_level_multiplier_addtl[4]: 1
2018/04/09-16:35:37.421235 7f74a1b2c700 Options.max_bytes_for_level_multiplier_addtl[5]: 1
2018/04/09-16:35:37.421236 7f74a1b2c700 Options.max_bytes_for_level_multiplier_addtl[6]: 1
2018/04/09-16:35:37.421237 7f74a1b2c700       Options.max_sequential_skip_in_iterations: 8
2018/04/09-16:35:37.421238 7f74a1b2c700                    Options.max_compaction_bytes: 1677721600
2018/04/09-16:35:37.421240 7f74a1b2c700                        Options.arena_block_size: 262144
2018/04/09-16:35:37.421241 7f74a1b2c700   Options.soft_pending_compaction_bytes_limit: 68719476736
2018/04/09-16:35:37.421242 7f74a1b2c700   Options.hard_pending_compaction_bytes_limit: 274877906944
2018/04/09-16:35:37.421244 7f74a1b2c700       Options.rate_limit_delay_max_milliseconds: 100
2018/04/09-16:35:37.421245 7f74a1b2c700                Options.disable_auto_compactions: 0
2018/04/09-16:35:37.421247 7f74a1b2c700                        Options.compaction_style: kCompactionStyleLevel
2018/04/09-16:35:37.421248 7f74a1b2c700                          Options.compaction_pri: kByCompensatedSize
2018/04/09-16:35:37.421249 7f74a1b2c700 Options.compaction_options_universal.size_ratio: 1
2018/04/09-16:35:37.421251 7f74a1b2c700 Options.compaction_options_universal.min_merge_width: 2
2018/04/09-16:35:37.421252 7f74a1b2c700 Options.compaction_options_universal.max_merge_width: 4294967295
2018/04/09-16:35:37.421253 7f74a1b2c700 Options.compaction_options_universal.max_size_amplification_percent: 200
2018/04/09-16:35:37.421255 7f74a1b2c700 Options.compaction_options_universal.compression_size_percent: -1
2018/04/09-16:35:37.421256 7f74a1b2c700 Options.compaction_options_universal.stop_style: kCompactionStopStyleTotalSize
2018/04/09-16:35:37.421257 7f74a1b2c700 Options.compaction_options_fifo.max_table_files_size: 1073741824
2018/04/09-16:35:37.421263 7f74a1b2c700 Options.compaction_options_fifo.allow_compaction: 0
2018/04/09-16:35:37.421265 7f74a1b2c700 Options.compaction_options_fifo.ttl: 0
2018/04/09-16:35:37.421266 7f74a1b2c700                   Options.table_properties_collectors: 
2018/04/09-16:35:37.421267 7f74a1b2c700                   Options.inplace_update_support: 0
2018/04/09-16:35:37.421270 7f74a1b2c700                 Options.inplace_update_num_locks: 10000
2018/04/09-16:35:37.421271 7f74a1b2c700               Options.memtable_prefix_bloom_size_ratio: 0.000000
2018/04/09-16:35:37.421273 7f74a1b2c700   Options.memtable_huge_page_size: 0
2018/04/09-16:35:37.421274 7f74a1b2c700                           Options.bloom_locality: 0
2018/04/09-16:35:37.421275 7f74a1b2c700                    Options.max_successive_merges: 0
2018/04/09-16:35:37.421276 7f74a1b2c700                Options.optimize_filters_for_hits: 0
2018/04/09-16:35:37.421278 7f74a1b2c700                Options.paranoid_file_checks: 0
2018/04/09-16:35:37.421279 7f74a1b2c700                Options.force_consistency_checks: 0
2018/04/09-16:35:37.421280 7f74a1b2c700                Options.report_bg_io_stats: 0
2018/04/09-16:35:37.421367 7f74a1b2c700 [db/column_family.cc:413] --------------- Options for column family [transaction]:
2018/04/09-16:35:37.421369 7f74a1b2c700               Options.comparator: leveldb.BytewiseComparator
2018/04/09-16:35:37.421371 7f74a1b2c700           Options.merge_operator: StringAppendOperator
2018/04/09-16:35:37.421372 7f74a1b2c700        Options.compaction_filter: None
2018/04/09-16:35:37.421374 7f74a1b2c700        Options.compaction_filter_factory: None
2018/04/09-16:35:37.421375 7f74a1b2c700         Options.memtable_factory: SkipListFactory
2018/04/09-16:35:37.421376 7f74a1b2c700            Options.table_factory: BlockBasedTable
2018/04/09-16:35:37.421392 7f74a1b2c700            table_factory options:   flush_block_policy_factory: FlushBlockBySizePolicyFactory (0x7f7498ab4050)
  cache_index_and_filter_blocks: 0
  cache_index_and_filter_blocks_with_high_priority: 0
  pin_l0_filter_and_index_blocks_in_cache: 0
  index_type: 0
  hash_index_allow_collision: 1
  checksum: 1
  no_block_cache: 0
  block_cache: 0x7f7498ab4568
  block_cache_name: LRUCache
  block_cache_options:
    capacity : 32768
    num_shard_bits : 10
    strict_capacity_limit : 0
    high_pri_pool_ratio: 0.000
  block_cache_compressed: (nil)
  persistent_cache: (nil)
  block_size: 4096
  block_size_deviation: 10
  block_restart_interval: 16
  index_block_restart_interval: 1
  filter_policy: rocksdb.BuiltinBloomFilter
  whole_key_filtering: 1
  format_version: 0
2018/04/09-16:35:37.421394 7f74a1b2c700        Options.write_buffer_size: 2097152
2018/04/09-16:35:37.421396 7f74a1b2c700  Options.max_write_buffer_number: 2
2018/04/09-16:35:37.421397 7f74a1b2c700          Options.compression: Snappy
2018/04/09-16:35:37.421399 7f74a1b2c700                  Options.bottommost_compression: Disabled
2018/04/09-16:35:37.421400 7f74a1b2c700       Options.prefix_extractor: nullptr
2018/04/09-16:35:37.421402 7f74a1b2c700   Options.memtable_insert_with_hint_prefix_extractor: nullptr
2018/04/09-16:35:37.421403 7f74a1b2c700             Options.num_levels: 7
2018/04/09-16:35:37.421404 7f74a1b2c700        Options.min_write_buffer_number_to_merge: 1
2018/04/09-16:35:37.421405 7f74a1b2c700     Options.max_write_buffer_number_to_maintain: 0
2018/04/09-16:35:37.421407 7f74a1b2c700            Options.compression_opts.window_bits: -14
2018/04/09-16:35:37.421413 7f74a1b2c700                  Options.compression_opts.level: -1
2018/04/09-16:35:37.421415 7f74a1b2c700               Options.compression_opts.strategy: 0
2018/04/09-16:35:37.421416 7f74a1b2c700         Options.compression_opts.max_dict_bytes: 0
2018/04/09-16:35:37.421417 7f74a1b2c700      Options.level0_file_num_compaction_trigger: 4
2018/04/09-16:35:37.421418 7f74a1b2c700          Options.level0_slowdown_writes_trigger: 20
2018/04/09-16:35:37.421420 7f74a1b2c700              Options.level0_stop_writes_trigger: 36
2018/04/09-16:35:37.421421 7f74a1b2c700                   Options.target_file_size_base: 67108864
2018/04/09-16:35:37.421428 7f74a1b2c700             Options.target_file_size_multiplier: 1
2018/04/09-16:35:37.421431 7f74a1b2c700                Options.max_bytes_for_level_base: 268435456
2018/04/09-16:35:37.421432 7f74a1b2c700 Options.level_compaction_dynamic_level_bytes: 0
2018/04/09-16:35:37.421434 7f74a1b2c700          Options.max_bytes_for_level_multiplier: 10.000000
2018/04/09-16:35:37.421435 7f74a1b2c700 Options.max_bytes_for_level_multiplier_addtl[0]: 1
2018/04/09-16:35:37.421437 7f74a1b2c700 Options.max_bytes_for_level_multiplier_addtl[1]: 1
2018/04/09-16:35:37.421438 7f74a1b2c700 Options.max_bytes_for_level_multiplier_addtl[2]: 1
2018/04/09-16:35:37.421439 7f74a1b2c700 Options.max_bytes_for_level_multiplier_addtl[3]: 1
2018/04/09-16:35:37.421440 7f74a1b2c700 Options.max_bytes_for_level_multiplier_addtl[4]: 1
2018/04/09-16:35:37.421442 7f74a1b2c700 Options.max_bytes_for_level_multiplier_addtl[5]: 1
2018/04/09-16:35:37.421443 7f74a1b2c700 Options.max_bytes_for_level_multiplier_addtl[6]: 1
2018/04/09-16:35:37.421444 7f74a1b2c700       Options.max_sequential_skip_in_iterations: 8
2018/04/09-16:35:37.421445 7f74a1b2c700                    Options.max_compaction_bytes: 1677721600
2018/04/09-16:35:37.421446 7f74a1b2c700                        Options.arena_block_size: 262144
2018/04/09-16:35:37.421448 7f74a1b2c700   Options.soft_pending_compaction_bytes_limit: 68719476736
2018/04/09-16:35:37.421449 7f74a1b2c700   Options.hard_pending_compaction_bytes_limit: 274877906944
2018/04/09-16:35:37.421450 7f74a1b2c700       Options.rate_limit_delay_max_milliseconds: 100
2018/04/09-16:35:37.421451 7f74a1b2c700                Options.disable_auto_compactions: 0
2018/04/09-16:35:37.421453 7f74a1b2c700                        Options.compaction_style: kCompactionStyleLevel
2018/04/09-16:35:37.421454 7f74a1b2c700                          Options.compaction_pri: kByCompensatedSize
2018/04/09-16:35:37.421456 7f74a1b2c700 Options.compaction_options_universal.size_ratio: 1
2018/04/09-16:35:37.421457 7f74a1b2c700 Options.compaction_options_universal.min_merge_width: 2
2018/04/09-16:35:37.421458 7f74a1b2c700 Options.compaction_options_universal.max_merge_width: 4294967295
2018/04/09-16:35:37.421459 7f74a1b2c700 Options.compaction_options_universal.max_size_amplification_percent: 200
2018/04/09-16:35:37.421461 7f74a1b2c700 Options.compaction_options_universal.compression_size_percent: -1
2018/04/09-16:35:37.421462 7f74a1b2c700 Options.compaction_options_universal.stop_style: kCompactionStopStyleTotalSize
2018/04/09-16:35:37.421463 7f74a1b2c700 Options.compaction_options_fifo.max_table_files_size: 1073741824
2018/04/09-16:35:37.421465 7f74a1b2c700 Options.compaction_options_fifo.allow_compaction: 0
2018/04/09-16:35:37.421466 7f74a1b2c700 Options.compaction_options_fifo.ttl: 0
2018/04/09-16:35:37.421467 7f74a1b2c700                   Options.table_properties_collectors: 
2018/04/09-16:35:37.421468 7f74a1b2c700                   Options.inplace_update_support: 0
2018/04/09-16:35:37.421482 7f74a1b2c700                 Options.inplace_update_num_locks: 10000
2018/04/09-16:35:37.421485 7f74a1b2c700               Options.memtable_prefix_bloom_size_ratio: 0.000000
2018/04/09-16:35:37.421486 7f74a1b2c700   Options.memtable_huge_page_size: 0
2018/04/09-16:35:37.421487 7f74a1b2c700                           Options.bloom_locality: 0
2018/04/09-16:35:37.421489 7f74a1b2c700                    Options.max_successive_merges: 0
2018/04/09-16:35:37.421490 7f74a1b2c700                Options.optimize_filters_for_hits: 0
2018/04/09-16:35:37.421491 7f74a1b2c700                Options.paranoid_file_checks: 0
2018/04/09-16:35:37.421492 7f74a1b2c700                Options.force_consistency_checks: 0
2018/04/09-16:35:37.421494 7f74a1b2c700                Options.report_bg_io_stats: 0
2018/04/09-16:35:37.421516 7f74a1b2c700 [db/column_family.cc:413] --------------- Options for column family [transaction-metadata]:
2018/04/09-16:35:37.421518 7f74a1b2c700               Options.comparator: leveldb.BytewiseComparator
2018/04/09-16:35:37.421531 7f74a1b2c700           Options.merge_operator: StringAppendOperator
2018/04/09-16:35:37.421533 7f74a1b2c700        Options.compaction_filter: None
2018/04/09-16:35:37.421535 7f74a1b2c700        Options.compaction_filter_factory: None
2018/04/09-16:35:37.421536 7f74a1b2c700         Options.memtable_factory: SkipListFactory
2018/04/09-16:35:37.421537 7f74a1b2c700            Options.table_factory: BlockBasedTable
2018/04/09-16:35:37.421552 7f74a1b2c700            table_factory options:   flush_block_policy_factory: FlushBlockBySizePolicyFactory (0x7f7498ab4050)
  cache_index_and_filter_blocks: 0
  cache_index_and_filter_blocks_with_high_priority: 0
  pin_l0_filter_and_index_blocks_in_cache: 0
  index_type: 0
  hash_index_allow_collision: 1
  checksum: 1
  no_block_cache: 0
  block_cache: 0x7f7498ab4568
  block_cache_name: LRUCache
  block_cache_options:
    capacity : 32768
    num_shard_bits : 10
    strict_capacity_limit : 0
    high_pri_pool_ratio: 0.000
  block_cache_compressed: (nil)
  persistent_cache: (nil)
  block_size: 4096
  block_size_deviation: 10
  block_restart_interval: 16
  index_block_restart_interval: 1
  filter_policy: rocksdb.BuiltinBloomFilter
  whole_key_filtering: 1
  format_version: 0
2018/04/09-16:35:37.421554 7f74a1b2c700        Options.write_buffer_size: 2097152
2018/04/09-16:35:37.421555 7f74a1b2c700  Options.max_write_buffer_number: 2
2018/04/09-16:35:37.421557 7f74a1b2c700          Options.compression: Snappy
2018/04/09-16:35:37.421558 7f74a1b2c700                  Options.bottommost_compression: Disabled
2018/04/09-16:35:37.421566 7f74a1b2c700       Options.prefix_extractor: nullptr
2018/04/09-16:35:37.421568 7f74a1b2c700   Options.memtable_insert_with_hint_prefix_extractor: nullptr
2018/04/09-16:35:37.421569 7f74a1b2c700             Options.num_levels: 7
2018/04/09-16:35:37.421570 7f74a1b2c700        Options.min_write_buffer_number_to_merge: 1
2018/04/09-16:35:37.421572 7f74a1b2c700     Options.max_write_buffer_number_to_maintain: 0
2018/04/09-16:35:37.421573 7f74a1b2c700            Options.compression_opts.window_bits: -14
2018/04/09-16:35:37.421574 7f74a1b2c700                  Options.compression_opts.level: -1
2018/04/09-16:35:37.421575 7f74a1b2c700               Options.compression_opts.strategy: 0
2018/04/09-16:35:37.421576 7f74a1b2c700         Options.compression_opts.max_dict_bytes: 0
2018/04/09-16:35:37.421584 7f74a1b2c700      Options.level0_file_num_compaction_trigger: 4
2018/04/09-16:35:37.421586 7f74a1b2c700          Options.level0_slowdown_writes_trigger: 20
2018/04/09-16:35:37.421587 7f74a1b2c700              Options.level0_stop_writes_trigger: 36
2018/04/09-16:35:37.421588 7f74a1b2c700                   Options.target_file_size_base: 67108864
2018/04/09-16:35:37.421589 7f74a1b2c700             Options.target_file_size_multiplier: 1
2018/04/09-16:35:37.421591 7f74a1b2c700                Options.max_bytes_for_level_base: 268435456
2018/04/09-16:35:37.421592 7f74a1b2c700 Options.level_compaction_dynamic_level_bytes: 0
2018/04/09-16:35:37.421599 7f74a1b2c700          Options.max_bytes_for_level_multiplier: 10.000000
2018/04/09-16:35:37.421601 7f74a1b2c700 Options.max_bytes_for_level_multiplier_addtl[0]: 1
2018/04/09-16:35:37.421602 7f74a1b2c700 Options.max_bytes_for_level_multiplier_addtl[1]: 1
2018/04/09-16:35:37.421604 7f74a1b2c700 Options.max_bytes_for_level_multiplier_addtl[2]: 1
2018/04/09-16:35:37.421605 7f74a1b2c700 Options.max_bytes_for_level_multiplier_addtl[3]: 1
2018/04/09-16:35:37.421606 7f74a1b2c700 Options.max_bytes_for_level_multiplier_addtl[4]: 1
2018/04/09-16:35:37.421607 7f74a1b2c700 Options.max_bytes_for_level_multiplier_addtl[5]: 1
2018/04/09-16:35:37.421609 7f74a1b2c700 Options.max_bytes_for_level_multiplier_addtl[6]: 1
2018/04/09-16:35:37.421610 7f74a1b2c700       Options.max_sequential_skip_in_iterations: 8
2018/04/09-16:35:37.421611 7f74a1b2c700                    Options.max_compaction_bytes: 1677721600
2018/04/09-16:35:37.421612 7f74a1b2c700                        Options.arena_block_size: 262144
2018/04/09-16:35:37.421643 7f74a1b2c700   Options.soft_pending_compaction_bytes_limit: 68719476736
2018/04/09-16:35:37.421645 7f74a1b2c700   Options.hard_pending_compaction_bytes_limit: 274877906944
2018/04/09-16:35:37.421646 7f74a1b2c700       Options.rate_limit_delay_max_milliseconds: 100
2018/04/09-16:35:37.421648 7f74a1b2c700                Options.disable_auto_compactions: 0
2018/04/09-16:35:37.421649 7f74a1b2c700                        Options.compaction_style: kCompactionStyleLevel
2018/04/09-16:35:37.421651 7f74a1b2c700                          Options.compaction_pri: kByCompensatedSize
2018/04/09-16:35:37.421652 7f74a1b2c700 Options.compaction_options_universal.size_ratio: 1
2018/04/09-16:35:37.421653 7f74a1b2c700 Options.compaction_options_universal.min_merge_width: 2
2018/04/09-16:35:37.421655 7f74a1b2c700 Options.compaction_options_universal.max_merge_width: 4294967295
2018/04/09-16:35:37.421656 7f74a1b2c700 Options.compaction_options_universal.max_size_amplification_percent: 200
2018/04/09-16:35:37.421657 7f74a1b2c700 Options.compaction_options_universal.compression_size_percent: -1
2018/04/09-16:35:37.421659 7f74a1b2c700 Options.compaction_options_universal.stop_style: kCompactionStopStyleTotalSize
2018/04/09-16:35:37.421660 7f74a1b2c700 Options.compaction_options_fifo.max_table_files_size: 1073741824
2018/04/09-16:35:37.421661 7f74a1b2c700 Options.compaction_options_fifo.allow_compaction: 0
2018/04/09-16:35:37.421662 7f74a1b2c700 Options.compaction_options_fifo.ttl: 0
2018/04/09-16:35:37.421664 7f74a1b2c700                   Options.table_properties_collectors: 
2018/04/09-16:35:37.421665 7f74a1b2c700                   Options.inplace_update_support: 0
2018/04/09-16:35:37.421666 7f74a1b2c700                 Options.inplace_update_num_locks: 10000
2018/04/09-16:35:37.421668 7f74a1b2c700               Options.memtable_prefix_bloom_size_ratio: 0.000000
2018/04/09-16:35:37.421669 7f74a1b2c700   Options.memtable_huge_page_size: 0
2018/04/09-16:35:37.421671 7f74a1b2c700                           Options.bloom_locality: 0
2018/04/09-16:35:37.421672 7f74a1b2c700                    Options.max_successive_merges: 0
2018/04/09-16:35:37.421673 7f74a1b2c700                Options.optimize_filters_for_hits: 0
2018/04/09-16:35:37.421674 7f74a1b2c700                Options.paranoid_file_checks: 0
2018/04/09-16:35:37.421675 7f74a1b2c700                Options.force_consistency_checks: 0
2018/04/09-16:35:37.421676 7f74a1b2c700                Options.report_bg_io_stats: 0
2018/04/09-16:35:37.421696 7f74a1b2c700 [db/column_family.cc:413] --------------- Options for column family [milestone]:
2018/04/09-16:35:37.421698 7f74a1b2c700               Options.comparator: leveldb.BytewiseComparator
2018/04/09-16:35:37.421699 7f74a1b2c700           Options.merge_operator: StringAppendOperator
2018/04/09-16:35:37.421700 7f74a1b2c700        Options.compaction_filter: None
2018/04/09-16:35:37.421702 7f74a1b2c700        Options.compaction_filter_factory: None
2018/04/09-16:35:37.421703 7f74a1b2c700         Options.memtable_factory: SkipListFactory
2018/04/09-16:35:37.421704 7f74a1b2c700            Options.table_factory: BlockBasedTable
2018/04/09-16:35:37.421749 7f74a1b2c700            table_factory options:   flush_block_policy_factory: FlushBlockBySizePolicyFactory (0x7f7498ab4050)
  cache_index_and_filter_blocks: 0
  cache_index_and_filter_blocks_with_high_priority: 0
  pin_l0_filter_and_index_blocks_in_cache: 0
  index_type: 0
  hash_index_allow_collision: 1
  checksum: 1
  no_block_cache: 0
  block_cache: 0x7f7498ab4568
  block_cache_name: LRUCache
  block_cache_options:
    capacity : 32768
    num_shard_bits : 10
    strict_capacity_limit : 0
    high_pri_pool_ratio: 0.000
  block_cache_compressed: (nil)
  persistent_cache: (nil)
  block_size: 4096
  block_size_deviation: 10
  block_restart_interval: 16
  index_block_restart_interval: 1
  filter_policy: rocksdb.BuiltinBloomFilter
  whole_key_filtering: 1
  format_version: 0
2018/04/09-16:35:37.421753 7f74a1b2c700        Options.write_buffer_size: 2097152
2018/04/09-16:35:37.421755 7f74a1b2c700  Options.max_write_buffer_number: 2
2018/04/09-16:35:37.421768 7f74a1b2c700          Options.compression: Snappy
2018/04/09-16:35:37.421770 7f74a1b2c700                  Options.bottommost_compression: Disabled
2018/04/09-16:35:37.421772 7f74a1b2c700       Options.prefix_extractor: nullptr
2018/04/09-16:35:37.421773 7f74a1b2c700   Options.memtable_insert_with_hint_prefix_extractor: nullptr
2018/04/09-16:35:37.421774 7f74a1b2c700             Options.num_levels: 7
2018/04/09-16:35:37.421775 7f74a1b2c700        Options.min_write_buffer_number_to_merge: 1
2018/04/09-16:35:37.421778 7f74a1b2c700     Options.max_write_buffer_number_to_maintain: 0
2018/04/09-16:35:37.421779 7f74a1b2c700            Options.compression_opts.window_bits: -14
2018/04/09-16:35:37.421780 7f74a1b2c700                  Options.compression_opts.level: -1
2018/04/09-16:35:37.421781 7f74a1b2c700               Options.compression_opts.strategy: 0
2018/04/09-16:35:37.421783 7f74a1b2c700         Options.compression_opts.max_dict_bytes: 0
2018/04/09-16:35:37.421784 7f74a1b2c700      Options.level0_file_num_compaction_trigger: 4
2018/04/09-16:35:37.421785 7f74a1b2c700          Options.level0_slowdown_writes_trigger: 20
2018/04/09-16:35:37.421786 7f74a1b2c700              Options.level0_stop_writes_trigger: 36
2018/04/09-16:35:37.421787 7f74a1b2c700                   Options.target_file_size_base: 67108864
2018/04/09-16:35:37.421789 7f74a1b2c700             Options.target_file_size_multiplier: 1
2018/04/09-16:35:37.421790 7f74a1b2c700                Options.max_bytes_for_level_base: 268435456
2018/04/09-16:35:37.421791 7f74a1b2c700 Options.level_compaction_dynamic_level_bytes: 0
2018/04/09-16:35:37.421793 7f74a1b2c700          Options.max_bytes_for_level_multiplier: 10.000000
2018/04/09-16:35:37.422004 7f74a1b2c700 Options.max_bytes_for_level_multiplier_addtl[0]: 1
2018/04/09-16:35:37.422007 7f74a1b2c700 Options.max_bytes_for_level_multiplier_addtl[1]: 1
2018/04/09-16:35:37.422008 7f74a1b2c700 Options.max_bytes_for_level_multiplier_addtl[2]: 1
2018/04/09-16:35:37.422009 7f74a1b2c700 Options.max_bytes_for_level_multiplier_addtl[3]: 1
2018/04/09-16:35:37.422011 7f74a1b2c700 Options.max_bytes_for_level_multiplier_addtl[4]: 1
2018/04/09-16:35:37.422012 7f74a1b2c700 Options.max_bytes_for_level_multiplier_addtl[5]: 1
2018/04/09-16:35:37.422013 7f74a1b2c700 Options.max_bytes_for_level_multiplier_addtl[6]: 1
2018/04/09-16:35:37.422014 7f74a1b2c700       Options.max_sequential_skip_in_iterations: 8
2018/04/09-16:35:37.422016 7f74a1b2c700                    Options.max_compaction_bytes: 1677721600
2018/04/09-16:35:37.422017 7f74a1b2c700                        Options.arena_block_size: 262144
2018/04/09-16:35:37.422018 7f74a1b2c700   Options.soft_pending_compaction_bytes_limit: 68719476736
2018/04/09-16:35:37.422019 7f74a1b2c700   Options.hard_pending_compaction_bytes_limit: 274877906944
2018/04/09-16:35:37.422021 7f74a1b2c700       Options.rate_limit_delay_max_milliseconds: 100
2018/04/09-16:35:37.422022 7f74a1b2c700                Options.disable_auto_compactions: 0
2018/04/09-16:35:37.422024 7f74a1b2c700                        Options.compaction_style: kCompactionStyleLevel
2018/04/09-16:35:37.422025 7f74a1b2c700                          Options.compaction_pri: kByCompensatedSize
2018/04/09-16:35:37.422027 7f74a1b2c700 Options.compaction_options_universal.size_ratio: 1
2018/04/09-16:35:37.422028 7f74a1b2c700 Options.compaction_options_universal.min_merge_width: 2
2018/04/09-16:35:37.422029 7f74a1b2c700 Options.compaction_options_universal.max_merge_width: 4294967295
2018/04/09-16:35:37.422030 7f74a1b2c700 Options.compaction_options_universal.max_size_amplification_percent: 200
2018/04/09-16:35:37.422032 7f74a1b2c700 Options.compaction_options_universal.compression_size_percent: -1
2018/04/09-16:35:37.422033 7f74a1b2c700 Options.compaction_options_universal.stop_style: kCompactionStopStyleTotalSize
2018/04/09-16:35:37.422035 7f74a1b2c700 Options.compaction_options_fifo.max_table_files_size: 1073741824
2018/04/09-16:35:37.422036 7f74a1b2c700 Options.compaction_options_fifo.allow_compaction: 0
2018/04/09-16:35:37.422462 7f74a1b2c700 Options.compaction_options_fifo.ttl: 0
2018/04/09-16:35:37.422465 7f74a1b2c700                   Options.table_properties_collectors: 
2018/04/09-16:35:37.422467 7f74a1b2c700                   Options.inplace_update_support: 0
2018/04/09-16:35:37.422468 7f74a1b2c700                 Options.inplace_update_num_locks: 10000
2018/04/09-16:35:37.422471 7f74a1b2c700               Options.memtable_prefix_bloom_size_ratio: 0.000000
2018/04/09-16:35:37.422472 7f74a1b2c700   Options.memtable_huge_page_size: 0
2018/04/09-16:35:37.422473 7f74a1b2c700                           Options.bloom_locality: 0
2018/04/09-16:35:37.422475 7f74a1b2c700                    Options.max_successive_merges: 0
2018/04/09-16:35:37.422476 7f74a1b2c700                Options.optimize_filters_for_hits: 0
2018/04/09-16:35:37.422477 7f74a1b2c700                Options.paranoid_file_checks: 0
2018/04/09-16:35:37.422478 7f74a1b2c700                Options.force_consistency_checks: 0
2018/04/09-16:35:37.422479 7f74a1b2c700                Options.report_bg_io_stats: 0
2018/04/09-16:35:37.422503 7f74a1b2c700 [db/column_family.cc:413] --------------- Options for column family [stateDiff]:
2018/04/09-16:35:37.422506 7f74a1b2c700               Options.comparator: leveldb.BytewiseComparator
2018/04/09-16:35:37.422507 7f74a1b2c700           Options.merge_operator: StringAppendOperator
2018/04/09-16:35:37.422509 7f74a1b2c700        Options.compaction_filter: None
2018/04/09-16:35:37.422510 7f74a1b2c700        Options.compaction_filter_factory: None
2018/04/09-16:35:37.422511 7f74a1b2c700         Options.memtable_factory: SkipListFactory
2018/04/09-16:35:37.422512 7f74a1b2c700            Options.table_factory: BlockBasedTable
2018/04/09-16:35:37.422531 7f74a1b2c700            table_factory options:   flush_block_policy_factory: FlushBlockBySizePolicyFactory (0x7f7498ab4050)
  cache_index_and_filter_blocks: 0
  cache_index_and_filter_blocks_with_high_priority: 0
  pin_l0_filter_and_index_blocks_in_cache: 0
  index_type: 0
  hash_index_allow_collision: 1
  checksum: 1
  no_block_cache: 0
  block_cache: 0x7f7498ab4568
  block_cache_name: LRUCache
  block_cache_options:
    capacity : 32768
    num_shard_bits : 10
    strict_capacity_limit : 0
    high_pri_pool_ratio: 0.000
  block_cache_compressed: (nil)
  persistent_cache: (nil)
  block_size: 4096
  block_size_deviation: 10
  block_restart_interval: 16
  index_block_restart_interval: 1
  filter_policy: rocksdb.BuiltinBloomFilter
  whole_key_filtering: 1
  format_version: 0
2018/04/09-16:35:37.422533 7f74a1b2c700        Options.write_buffer_size: 2097152
2018/04/09-16:35:37.422535 7f74a1b2c700  Options.max_write_buffer_number: 2
2018/04/09-16:35:37.422536 7f74a1b2c700          Options.compression: Snappy
2018/04/09-16:35:37.422538 7f74a1b2c700                  Options.bottommost_compression: Disabled
2018/04/09-16:35:37.422539 7f74a1b2c700       Options.prefix_extractor: nullptr
2018/04/09-16:35:37.422540 7f74a1b2c700   Options.memtable_insert_with_hint_prefix_extractor: nullptr
2018/04/09-16:35:37.422542 7f74a1b2c700             Options.num_levels: 7
2018/04/09-16:35:37.422543 7f74a1b2c700        Options.min_write_buffer_number_to_merge: 1
2018/04/09-16:35:37.422544 7f74a1b2c700     Options.max_write_buffer_number_to_maintain: 0
2018/04/09-16:35:37.422545 7f74a1b2c700            Options.compression_opts.window_bits: -14
2018/04/09-16:35:37.422547 7f74a1b2c700                  Options.compression_opts.level: -1
2018/04/09-16:35:37.422548 7f74a1b2c700               Options.compression_opts.strategy: 0
2018/04/09-16:35:37.422549 7f74a1b2c700         Options.compression_opts.max_dict_bytes: 0
2018/04/09-16:35:37.422550 7f74a1b2c700      Options.level0_file_num_compaction_trigger: 4
2018/04/09-16:35:37.422552 7f74a1b2c700          Options.level0_slowdown_writes_trigger: 20
2018/04/09-16:35:37.422553 7f74a1b2c700              Options.level0_stop_writes_trigger: 36
2018/04/09-16:35:37.422554 7f74a1b2c700                   Options.target_file_size_base: 67108864
2018/04/09-16:35:37.422990 7f74a1b2c700             Options.target_file_size_multiplier: 1
2018/04/09-16:35:37.422994 7f74a1b2c700                Options.max_bytes_for_level_base: 268435456
2018/04/09-16:35:37.422995 7f74a1b2c700 Options.level_compaction_dynamic_level_bytes: 0
2018/04/09-16:35:37.422998 7f74a1b2c700          Options.max_bytes_for_level_multiplier: 10.000000
2018/04/09-16:35:37.423000 7f74a1b2c700 Options.max_bytes_for_level_multiplier_addtl[0]: 1
2018/04/09-16:35:37.423001 7f74a1b2c700 Options.max_bytes_for_level_multiplier_addtl[1]: 1
2018/04/09-16:35:37.423002 7f74a1b2c700 Options.max_bytes_for_level_multiplier_addtl[2]: 1
2018/04/09-16:35:37.423003 7f74a1b2c700 Options.max_bytes_for_level_multiplier_addtl[3]: 1
2018/04/09-16:35:37.423005 7f74a1b2c700 Options.max_bytes_for_level_multiplier_addtl[4]: 1
2018/04/09-16:35:37.423006 7f74a1b2c700 Options.max_bytes_for_level_multiplier_addtl[5]: 1
2018/04/09-16:35:37.423007 7f74a1b2c700 Options.max_bytes_for_level_multiplier_addtl[6]: 1
2018/04/09-16:35:37.423008 7f74a1b2c700       Options.max_sequential_skip_in_iterations: 8
2018/04/09-16:35:37.423010 7f74a1b2c700                    Options.max_compaction_bytes: 1677721600
2018/04/09-16:35:37.423011 7f74a1b2c700                        Options.arena_block_size: 262144
2018/04/09-16:35:37.423012 7f74a1b2c700   Options.soft_pending_compaction_bytes_limit: 68719476736
2018/04/09-16:35:37.423014 7f74a1b2c700   Options.hard_pending_compaction_bytes_limit: 274877906944
2018/04/09-16:35:37.423015 7f74a1b2c700       Options.rate_limit_delay_max_milliseconds: 100
2018/04/09-16:35:37.423016 7f74a1b2c700                Options.disable_auto_compactions: 0
2018/04/09-16:35:37.423018 7f74a1b2c700                        Options.compaction_style: kCompactionStyleLevel
2018/04/09-16:35:37.423019 7f74a1b2c700                          Options.compaction_pri: kByCompensatedSize
2018/04/09-16:35:37.423021 7f74a1b2c700 Options.compaction_options_universal.size_ratio: 1
2018/04/09-16:35:37.423022 7f74a1b2c700 Options.compaction_options_universal.min_merge_width: 2
2018/04/09-16:35:37.423023 7f74a1b2c700 Options.compaction_options_universal.max_merge_width: 4294967295
2018/04/09-16:35:37.423025 7f74a1b2c700 Options.compaction_options_universal.max_size_amplification_percent: 200
2018/04/09-16:35:37.423026 7f74a1b2c700 Options.compaction_options_universal.compression_size_percent: -1
2018/04/09-16:35:37.423027 7f74a1b2c700 Options.compaction_options_universal.stop_style: kCompactionStopStyleTotalSize
2018/04/09-16:35:37.423029 7f74a1b2c700 Options.compaction_options_fifo.max_table_files_size: 1073741824
2018/04/09-16:35:37.423030 7f74a1b2c700 Options.compaction_options_fifo.allow_compaction: 0
2018/04/09-16:35:37.423032 7f74a1b2c700 Options.compaction_options_fifo.ttl: 0
2018/04/09-16:35:37.423033 7f74a1b2c700                   Options.table_properties_collectors: 
2018/04/09-16:35:37.423035 7f74a1b2c700                   Options.inplace_update_support: 0
