2018/07/27-05:15:53.112311 7f28f1bc3700 RocksDB version: 5.7.3
2018/07/27-05:15:53.112338 7f28f1bc3700 Git sha rocksdb_build_git_sha:
2018/07/27-05:15:53.112341 7f28f1bc3700 Compile date Sep  1 2017
2018/07/27-05:15:53.112348 7f28f1bc3700 DB SUMMARY
2018/07/27-05:15:53.112449 7f28f1bc3700 CURRENT file:  CURRENT
2018/07/27-05:15:53.112452 7f28f1bc3700 IDENTITY file:  IDENTITY
2018/07/27-05:15:53.112456 7f28f1bc3700 MANIFEST file:  MANIFEST-000716 size: 3997 Bytes
2018/07/27-05:15:53.112458 7f28f1bc3700 SST files in testnetdb dir, Total Num: 47, files: 000050.sst 000069.sst 000135.sst 000152.sst 000165.sst 000183.sst 000198.sst 000239.sst 000258.sst 
2018/07/27-05:15:53.112462 7f28f1bc3700 Write Ahead Log file in testnetdb: 000724.log size: 54247 ; 
2018/07/27-05:15:53.112467 7f28f1bc3700                         Options.error_if_exists: 0
2018/07/27-05:15:53.112468 7f28f1bc3700                       Options.create_if_missing: 1
2018/07/27-05:15:53.112470 7f28f1bc3700                         Options.paranoid_checks: 1
2018/07/27-05:15:53.112471 7f28f1bc3700                                     Options.env: 0x7f28d0da1880
2018/07/27-05:15:53.112472 7f28f1bc3700                                Options.info_log: 0x7f28e8c43cb0
2018/07/27-05:15:53.112474 7f28f1bc3700                Options.max_file_opening_threads: 16
2018/07/27-05:15:53.112475 7f28f1bc3700                               Options.use_fsync: 0
2018/07/27-05:15:53.112477 7f28f1bc3700                       Options.max_log_file_size: 1048576
2018/07/27-05:15:53.112478 7f28f1bc3700                  Options.max_manifest_file_size: 1048576
2018/07/27-05:15:53.112479 7f28f1bc3700                   Options.log_file_time_to_roll: 0
2018/07/27-05:15:53.112481 7f28f1bc3700                       Options.keep_log_file_num: 1000
2018/07/27-05:15:53.112482 7f28f1bc3700                    Options.recycle_log_file_num: 0
2018/07/27-05:15:53.112483 7f28f1bc3700                         Options.allow_fallocate: 1
2018/07/27-05:15:53.112485 7f28f1bc3700                        Options.allow_mmap_reads: 0
2018/07/27-05:15:53.112486 7f28f1bc3700                       Options.allow_mmap_writes: 0
2018/07/27-05:15:53.112487 7f28f1bc3700                        Options.use_direct_reads: 0
2018/07/27-05:15:53.112488 7f28f1bc3700                        Options.use_direct_io_for_flush_and_compaction: 0
2018/07/27-05:15:53.112490 7f28f1bc3700          Options.create_missing_column_families: 1
2018/07/27-05:15:53.112491 7f28f1bc3700                              Options.db_log_dir: testnetdb.log
2018/07/27-05:15:53.112492 7f28f1bc3700                                 Options.wal_dir: testnetdb
2018/07/27-05:15:53.112494 7f28f1bc3700                Options.table_cache_numshardbits: 6
2018/07/27-05:15:53.112495 7f28f1bc3700                      Options.max_subcompactions: 4
2018/07/27-05:15:53.112496 7f28f1bc3700                  Options.max_background_flushes: -1
2018/07/27-05:15:53.112498 7f28f1bc3700                         Options.WAL_ttl_seconds: 0
2018/07/27-05:15:53.112499 7f28f1bc3700                       Options.WAL_size_limit_MB: 0
2018/07/27-05:15:53.112500 7f28f1bc3700             Options.manifest_preallocation_size: 4194304
2018/07/27-05:15:53.112501 7f28f1bc3700                     Options.is_fd_close_on_exec: 1
2018/07/27-05:15:53.112503 7f28f1bc3700                   Options.advise_random_on_open: 1
2018/07/27-05:15:53.112504 7f28f1bc3700                    Options.db_write_buffer_size: 0
2018/07/27-05:15:53.112505 7f28f1bc3700         Options.access_hint_on_compaction_start: 1
2018/07/27-05:15:53.112506 7f28f1bc3700  Options.new_table_reader_for_compaction_inputs: 0
2018/07/27-05:15:53.112508 7f28f1bc3700               Options.compaction_readahead_size: 0
2018/07/27-05:15:53.112509 7f28f1bc3700           Options.random_access_max_buffer_size: 1048576
2018/07/27-05:15:53.112512 7f28f1bc3700           Options.writable_file_max_buffer_size: 1048576
2018/07/27-05:15:53.112514 7f28f1bc3700                      Options.use_adaptive_mutex: 0
2018/07/27-05:15:53.112515 7f28f1bc3700                            Options.rate_limiter: (nil)
2018/07/27-05:15:53.112517 7f28f1bc3700     Options.sst_file_manager.rate_bytes_per_sec: 0
2018/07/27-05:15:53.112528 7f28f1bc3700                          Options.bytes_per_sync: 0
2018/07/27-05:15:53.112529 7f28f1bc3700                      Options.wal_bytes_per_sync: 0
2018/07/27-05:15:53.112530 7f28f1bc3700                       Options.wal_recovery_mode: 2
2018/07/27-05:15:53.112532 7f28f1bc3700                  Options.enable_thread_tracking: 0
2018/07/27-05:15:53.112542 7f28f1bc3700                  Options.enable_pipelined_write: 0
2018/07/27-05:15:53.112543 7f28f1bc3700         Options.allow_concurrent_memtable_write: 1
2018/07/27-05:15:53.112544 7f28f1bc3700      Options.enable_write_thread_adaptive_yield: 1
2018/07/27-05:15:53.112546 7f28f1bc3700             Options.write_thread_max_yield_usec: 100
2018/07/27-05:15:53.112547 7f28f1bc3700            Options.write_thread_slow_yield_usec: 3
2018/07/27-05:15:53.112548 7f28f1bc3700                               Options.row_cache: None
2018/07/27-05:15:53.112550 7f28f1bc3700                              Options.wal_filter: None
2018/07/27-05:15:53.112551 7f28f1bc3700             Options.avoid_flush_during_recovery: 0
2018/07/27-05:15:53.112552 7f28f1bc3700             Options.allow_ingest_behind: 0
2018/07/27-05:15:53.112554 7f28f1bc3700             Options.concurrent_prepare: 0
2018/07/27-05:15:53.112555 7f28f1bc3700             Options.manual_wal_flush: 0
2018/07/27-05:15:53.112565 7f28f1bc3700             Options.max_background_jobs: 2
2018/07/27-05:15:53.112567 7f28f1bc3700             Options.max_background_compactions: 1
2018/07/27-05:15:53.112568 7f28f1bc3700             Options.avoid_flush_during_shutdown: 0
2018/07/27-05:15:53.112569 7f28f1bc3700             Options.delayed_write_rate : 16777216
2018/07/27-05:15:53.112571 7f28f1bc3700             Options.max_total_wal_size: 0
2018/07/27-05:15:53.112572 7f28f1bc3700             Options.delete_obsolete_files_period_micros: 21600000000
2018/07/27-05:15:53.112574 7f28f1bc3700                   Options.stats_dump_period_sec: 600
2018/07/27-05:15:53.112575 7f28f1bc3700                          Options.max_open_files: 10000
2018/07/27-05:15:53.112576 7f28f1bc3700 Compression algorithms supported:
2018/07/27-05:15:53.112578 7f28f1bc3700 	Snappy supported: 1
2018/07/27-05:15:53.112579 7f28f1bc3700 	Zlib supported: 1
2018/07/27-05:15:53.112580 7f28f1bc3700 	Bzip supported: 1
2018/07/27-05:15:53.112582 7f28f1bc3700 	LZ4 supported: 1
2018/07/27-05:15:53.112588 7f28f1bc3700 	ZSTD supported: 1
2018/07/27-05:15:53.112590 7f28f1bc3700 Fast CRC32 supported: 0
2018/07/27-05:15:53.113043 7f28f1bc3700 [db/version_set.cc:2712] Recovering from manifest file: MANIFEST-000716
2018/07/27-05:15:53.113106 7f28f1bc3700 [db/column_family.cc:413] --------------- Options for column family [default]:
2018/07/27-05:15:53.113110 7f28f1bc3700               Options.comparator: leveldb.BytewiseComparator
2018/07/27-05:15:53.113112 7f28f1bc3700           Options.merge_operator: StringAppendOperator
2018/07/27-05:15:53.113113 7f28f1bc3700        Options.compaction_filter: None
2018/07/27-05:15:53.113115 7f28f1bc3700        Options.compaction_filter_factory: None
2018/07/27-05:15:53.113116 7f28f1bc3700         Options.memtable_factory: SkipListFactory
2018/07/27-05:15:53.113118 7f28f1bc3700            Options.table_factory: BlockBasedTable
2018/07/27-05:15:53.113147 7f28f1bc3700            table_factory options:   flush_block_policy_factory: FlushBlockBySizePolicyFactory (0x7f28e8be9880)
  cache_index_and_filter_blocks: 0
  cache_index_and_filter_blocks_with_high_priority: 0
  pin_l0_filter_and_index_blocks_in_cache: 0
  index_type: 0
  hash_index_allow_collision: 1
  checksum: 1
  no_block_cache: 0
  block_cache: 0x7f28e8bee358
  block_cache_name: LRUCache
  block_cache_options:
    capacity : 32768
    num_shard_bits : 10
    strict_capacity_limit : 0
    high_pri_pool_ratio: 0.000
  block_cache_compressed: (nil)
  persistent_cache: (nil)
  block_size: 4096
  block_size_deviation: 10
  block_restart_interval: 16
  index_block_restart_interval: 1
  filter_policy: rocksdb.BuiltinBloomFilter
  whole_key_filtering: 1
  format_version: 0
2018/07/27-05:15:53.113160 7f28f1bc3700        Options.write_buffer_size: 2097152
2018/07/27-05:15:53.113162 7f28f1bc3700  Options.max_write_buffer_number: 2
2018/07/27-05:15:53.113164 7f28f1bc3700          Options.compression: Snappy
2018/07/27-05:15:53.113165 7f28f1bc3700                  Options.bottommost_compression: Disabled
2018/07/27-05:15:53.113167 7f28f1bc3700       Options.prefix_extractor: nullptr
2018/07/27-05:15:53.113168 7f28f1bc3700   Options.memtable_insert_with_hint_prefix_extractor: nullptr
2018/07/27-05:15:53.113169 7f28f1bc3700             Options.num_levels: 7
2018/07/27-05:15:53.113171 7f28f1bc3700        Options.min_write_buffer_number_to_merge: 1
2018/07/27-05:15:53.113172 7f28f1bc3700     Options.max_write_buffer_number_to_maintain: 0
2018/07/27-05:15:53.113173 7f28f1bc3700            Options.compression_opts.window_bits: -14
2018/07/27-05:15:53.113175 7f28f1bc3700                  Options.compression_opts.level: -1
2018/07/27-05:15:53.113176 7f28f1bc3700               Options.compression_opts.strategy: 0
2018/07/27-05:15:53.113177 7f28f1bc3700         Options.compression_opts.max_dict_bytes: 0
2018/07/27-05:15:53.113179 7f28f1bc3700      Options.level0_file_num_compaction_trigger: 4
2018/07/27-05:15:53.113180 7f28f1bc3700          Options.level0_slowdown_writes_trigger: 20
2018/07/27-05:15:53.113181 7f28f1bc3700              Options.level0_stop_writes_trigger: 36
2018/07/27-05:15:53.113183 7f28f1bc3700                   Options.target_file_size_base: 67108864
2018/07/27-05:15:53.113184 7f28f1bc3700             Options.target_file_size_multiplier: 1
2018/07/27-05:15:53.113185 7f28f1bc3700                Options.max_bytes_for_level_base: 268435456
2018/07/27-05:15:53.113187 7f28f1bc3700 Options.level_compaction_dynamic_level_bytes: 0
2018/07/27-05:15:53.113189 7f28f1bc3700          Options.max_bytes_for_level_multiplier: 10.000000
2018/07/27-05:15:53.113191 7f28f1bc3700 Options.max_bytes_for_level_multiplier_addtl[0]: 1
2018/07/27-05:15:53.113193 7f28f1bc3700 Options.max_bytes_for_level_multiplier_addtl[1]: 1
2018/07/27-05:15:53.113194 7f28f1bc3700 Options.max_bytes_for_level_multiplier_addtl[2]: 1
2018/07/27-05:15:53.113195 7f28f1bc3700 Options.max_bytes_for_level_multiplier_addtl[3]: 1
2018/07/27-05:15:53.113197 7f28f1bc3700 Options.max_bytes_for_level_multiplier_addtl[4]: 1
2018/07/27-05:15:53.113198 7f28f1bc3700 Options.max_bytes_for_level_multiplier_addtl[5]: 1
2018/07/27-05:15:53.113200 7f28f1bc3700 Options.max_bytes_for_level_multiplier_addtl[6]: 1
2018/07/27-05:15:53.113201 7f28f1bc3700       Options.max_sequential_skip_in_iterations: 8
2018/07/27-05:15:53.113203 7f28f1bc3700                    Options.max_compaction_bytes: 1677721600
2018/07/27-05:15:53.113204 7f28f1bc3700                        Options.arena_block_size: 262144
2018/07/27-05:15:53.113206 7f28f1bc3700   Options.soft_pending_compaction_bytes_limit: 68719476736
2018/07/27-05:15:53.113207 7f28f1bc3700   Options.hard_pending_compaction_bytes_limit: 274877906944
2018/07/27-05:15:53.113208 7f28f1bc3700       Options.rate_limit_delay_max_milliseconds: 100
2018/07/27-05:15:53.113210 7f28f1bc3700                Options.disable_auto_compactions: 0
2018/07/27-05:15:53.113212 7f28f1bc3700                        Options.compaction_style: kCompactionStyleLevel
2018/07/27-05:15:53.113216 7f28f1bc3700                          Options.compaction_pri: kByCompensatedSize
2018/07/27-05:15:53.113217 7f28f1bc3700 Options.compaction_options_universal.size_ratio: 1
2018/07/27-05:15:53.113219 7f28f1bc3700 Options.compaction_options_universal.min_merge_width: 2
2018/07/27-05:15:53.113220 7f28f1bc3700 Options.compaction_options_universal.max_merge_width: 4294967295
2018/07/27-05:15:53.113221 7f28f1bc3700 Options.compaction_options_universal.max_size_amplification_percent: 200
2018/07/27-05:15:53.113223 7f28f1bc3700 Options.compaction_options_universal.compression_size_percent: -1
2018/07/27-05:15:53.113224 7f28f1bc3700 Options.compaction_options_universal.stop_style: kCompactionStopStyleTotalSize
2018/07/27-05:15:53.113230 7f28f1bc3700 Options.compaction_options_fifo.max_table_files_size: 1073741824
2018/07/27-05:15:53.113232 7f28f1bc3700 Options.compaction_options_fifo.allow_compaction: 0
2018/07/27-05:15:53.113233 7f28f1bc3700 Options.compaction_options_fifo.ttl: 0
2018/07/27-05:15:53.113235 7f28f1bc3700                   Options.table_properties_collectors: 
2018/07/27-05:15:53.113236 7f28f1bc3700                   Options.inplace_update_support: 0
2018/07/27-05:15:53.113238 7f28f1bc3700                 Options.inplace_update_num_locks: 10000
2018/07/27-05:15:53.113239 7f28f1bc3700               Options.memtable_prefix_bloom_size_ratio: 0.000000
2018/07/27-05:15:53.113241 7f28f1bc3700   Options.memtable_huge_page_size: 0
2018/07/27-05:15:53.113242 7f28f1bc3700                           Options.bloom_locality: 0
2018/07/27-05:15:53.113243 7f28f1bc3700                    Options.max_successive_merges: 0
2018/07/27-05:15:53.113245 7f28f1bc3700                Options.optimize_filters_for_hits: 0
2018/07/27-05:15:53.113246 7f28f1bc3700                Options.paranoid_file_checks: 0
2018/07/27-05:15:53.113247 7f28f1bc3700                Options.force_consistency_checks: 0
2018/07/27-05:15:53.113249 7f28f1bc3700                Options.report_bg_io_stats: 0
2018/07/27-05:15:53.113325 7f28f1bc3700 [db/column_family.cc:413] --------------- Options for column family [transaction]:
2018/07/27-05:15:53.113328 7f28f1bc3700               Options.comparator: leveldb.BytewiseComparator
2018/07/27-05:15:53.113330 7f28f1bc3700           Options.merge_operator: StringAppendOperator
2018/07/27-05:15:53.113331 7f28f1bc3700        Options.compaction_filter: None
2018/07/27-05:15:53.113333 7f28f1bc3700        Options.compaction_filter_factory: None
2018/07/27-05:15:53.113334 7f28f1bc3700         Options.memtable_factory: SkipListFactory
2018/07/27-05:15:53.113335 7f28f1bc3700            Options.table_factory: BlockBasedTable
2018/07/27-05:15:53.113371 7f28f1bc3700            table_factory options:   flush_block_policy_factory: FlushBlockBySizePolicyFactory (0x7f28e8be9880)
  cache_index_and_filter_blocks: 0
  cache_index_and_filter_blocks_with_high_priority: 0
  pin_l0_filter_and_index_blocks_in_cache: 0
  index_type: 0
  hash_index_allow_collision: 1
  checksum: 1
  no_block_cache: 0
  block_cache: 0x7f28e8bee358
  block_cache_name: LRUCache
  block_cache_options:
    capacity : 32768
    num_shard_bits : 10
    strict_capacity_limit : 0
    high_pri_pool_ratio: 0.000
  block_cache_compressed: (nil)
  persistent_cache: (nil)
  block_size: 4096
  block_size_deviation: 10
  block_restart_interval: 16
  index_block_restart_interval: 1
  filter_policy: rocksdb.BuiltinBloomFilter
  whole_key_filtering: 1
  format_version: 0
2018/07/27-05:15:53.113374 7f28f1bc3700        Options.write_buffer_size: 2097152
2018/07/27-05:15:53.113375 7f28f1bc3700  Options.max_write_buffer_number: 2
2018/07/27-05:15:53.113377 7f28f1bc3700          Options.compression: Snappy
2018/07/27-05:15:53.113378 7f28f1bc3700                  Options.bottommost_compression: Disabled
2018/07/27-05:15:53.113380 7f28f1bc3700       Options.prefix_extractor: nullptr
2018/07/27-05:15:53.113381 7f28f1bc3700   Options.memtable_insert_with_hint_prefix_extractor: nullptr
2018/07/27-05:15:53.113382 7f28f1bc3700             Options.num_levels: 7
2018/07/27-05:15:53.113384 7f28f1bc3700        Options.min_write_buffer_number_to_merge: 1
2018/07/27-05:15:53.113385 7f28f1bc3700     Options.max_write_buffer_number_to_maintain: 0
2018/07/27-05:15:53.113386 7f28f1bc3700            Options.compression_opts.window_bits: -14
2018/07/27-05:15:53.113387 7f28f1bc3700                  Options.compression_opts.level: -1
2018/07/27-05:15:53.113389 7f28f1bc3700               Options.compression_opts.strategy: 0
2018/07/27-05:15:53.113390 7f28f1bc3700         Options.compression_opts.max_dict_bytes: 0
2018/07/27-05:15:53.113391 7f28f1bc3700      Options.level0_file_num_compaction_trigger: 4
2018/07/27-05:15:53.113393 7f28f1bc3700          Options.level0_slowdown_writes_trigger: 20
2018/07/27-05:15:53.113401 7f28f1bc3700              Options.level0_stop_writes_trigger: 36
2018/07/27-05:15:53.113402 7f28f1bc3700                   Options.target_file_size_base: 67108864
2018/07/27-05:15:53.113404 7f28f1bc3700             Options.target_file_size_multiplier: 1
2018/07/27-05:15:53.113405 7f28f1bc3700                Options.max_bytes_for_level_base: 268435456
2018/07/27-05:15:53.113406 7f28f1bc3700 Options.level_compaction_dynamic_level_bytes: 0
2018/07/27-05:15:53.113408 7f28f1bc3700          Options.max_bytes_for_level_multiplier: 10.000000
2018/07/27-05:15:53.113410 7f28f1bc3700 Options.max_bytes_for_level_multiplier_addtl[0]: 1
2018/07/27-05:15:53.113412 7f28f1bc3700 Options.max_bytes_for_level_multiplier_addtl[1]: 1
2018/07/27-05:15:53.113413 7f28f1bc3700 Options.max_bytes_for_level_multiplier_addtl[2]: 1
2018/07/27-05:15:53.113414 7f28f1bc3700 Options.max_bytes_for_level_multiplier_addtl[3]: 1
2018/07/27-05:15:53.113416 7f28f1bc3700 Options.max_bytes_for_level_multiplier_addtl[4]: 1
2018/07/27-05:15:53.113417 7f28f1bc3700 Options.max_bytes_for_level_multiplier_addtl[5]: 1
2018/07/27-05:15:53.113418 7f28f1bc3700 Options.max_bytes_for_level_multiplier_addtl[6]: 1
2018/07/27-05:15:53.113420 7f28f1bc3700       Options.max_sequential_skip_in_iterations: 8
2018/07/27-05:15:53.113421 7f28f1bc3700                    Options.max_compaction_bytes: 1677721600
2018/07/27-05:15:53.113422 7f28f1bc3700                        Options.arena_block_size: 262144
2018/07/27-05:15:53.113424 7f28f1bc3700   Options.soft_pending_compaction_bytes_limit: 68719476736
2018/07/27-05:15:53.113425 7f28f1bc3700   Options.hard_pending_compaction_bytes_limit: 274877906944
2018/07/27-05:15:53.113426 7f28f1bc3700       Options.rate_limit_delay_max_milliseconds: 100
2018/07/27-05:15:53.113428 7f28f1bc3700                Options.disable_auto_compactions: 0
2018/07/27-05:15:53.113429 7f28f1bc3700                        Options.compaction_style: kCompactionStyleLevel
2018/07/27-05:15:53.113431 7f28f1bc3700                          Options.compaction_pri: kByCompensatedSize
2018/07/27-05:15:53.113434 7f28f1bc3700 Options.compaction_options_universal.size_ratio: 1
2018/07/27-05:15:53.113435 7f28f1bc3700 Options.compaction_options_universal.min_merge_width: 2
2018/07/27-05:15:53.113436 7f28f1bc3700 Options.compaction_options_universal.max_merge_width: 4294967295
2018/07/27-05:15:53.113438 7f28f1bc3700 Options.compaction_options_universal.max_size_amplification_percent: 200
2018/07/27-05:15:53.113439 7f28f1bc3700 Options.compaction_options_universal.compression_size_percent: -1
2018/07/27-05:15:53.113441 7f28f1bc3700 Options.compaction_options_universal.stop_style: kCompactionStopStyleTotalSize
2018/07/27-05:15:53.113442 7f28f1bc3700 Options.compaction_options_fifo.max_table_files_size: 1073741824
2018/07/27-05:15:53.113443 7f28f1bc3700 Options.compaction_options_fifo.allow_compaction: 0
2018/07/27-05:15:53.113445 7f28f1bc3700 Options.compaction_options_fifo.ttl: 0
2018/07/27-05:15:53.113446 7f28f1bc3700                   Options.table_properties_collectors: 
2018/07/27-05:15:53.113447 7f28f1bc3700                   Options.inplace_update_support: 0
2018/07/27-05:15:53.113448 7f28f1bc3700                 Options.inplace_update_num_locks: 10000
2018/07/27-05:15:53.113450 7f28f1bc3700               Options.memtable_prefix_bloom_size_ratio: 0.000000
2018/07/27-05:15:53.113452 7f28f1bc3700   Options.memtable_huge_page_size: 0
2018/07/27-05:15:53.113453 7f28f1bc3700                           Options.bloom_locality: 0
2018/07/27-05:15:53.113454 7f28f1bc3700                    Options.max_successive_merges: 0
2018/07/27-05:15:53.113455 7f28f1bc3700                Options.optimize_filters_for_hits: 0
2018/07/27-05:15:53.113457 7f28f1bc3700                Options.paranoid_file_checks: 0
2018/07/27-05:15:53.113458 7f28f1bc3700                Options.force_consistency_checks: 0
2018/07/27-05:15:53.113459 7f28f1bc3700                Options.report_bg_io_stats: 0
2018/07/27-05:15:53.113486 7f28f1bc3700 [db/column_family.cc:413] --------------- Options for column family [transaction-metadata]:
2018/07/27-05:15:53.113493 7f28f1bc3700               Options.comparator: leveldb.BytewiseComparator
2018/07/27-05:15:53.113495 7f28f1bc3700           Options.merge_operator: StringAppendOperator
2018/07/27-05:15:53.113496 7f28f1bc3700        Options.compaction_filter: None
2018/07/27-05:15:53.113498 7f28f1bc3700        Options.compaction_filter_factory: None
2018/07/27-05:15:53.113500 7f28f1bc3700         Options.memtable_factory: SkipListFactory
2018/07/27-05:15:53.113502 7f28f1bc3700            Options.table_factory: BlockBasedTable
2018/07/27-05:15:53.113516 7f28f1bc3700            table_factory options:   flush_block_policy_factory: FlushBlockBySizePolicyFactory (0x7f28e8be9880)
  cache_index_and_filter_blocks: 0
  cache_index_and_filter_blocks_with_high_priority: 0
  pin_l0_filter_and_index_blocks_in_cache: 0
  index_type: 0
  hash_index_allow_collision: 1
  checksum: 1
  no_block_cache: 0
  block_cache: 0x7f28e8bee358
  block_cache_name: LRUCache
  block_cache_options:
    capacity : 32768
    num_shard_bits : 10
    strict_capacity_limit : 0
    high_pri_pool_ratio: 0.000
  block_cache_compressed: (nil)
  persistent_cache: (nil)
  block_size: 4096
  block_size_deviation: 10
  block_restart_interval: 16
  index_block_restart_interval: 1
  filter_policy: rocksdb.BuiltinBloomFilter
  whole_key_filtering: 1
  format_version: 0
2018/07/27-05:15:53.113518 7f28f1bc3700        Options.write_buffer_size: 2097152
2018/07/27-05:15:53.113519 7f28f1bc3700  Options.max_write_buffer_number: 2
2018/07/27-05:15:53.113521 7f28f1bc3700          Options.compression: Snappy
2018/07/27-05:15:53.113522 7f28f1bc3700                  Options.bottommost_compression: Disabled
2018/07/27-05:15:53.113524 7f28f1bc3700       Options.prefix_extractor: nullptr
2018/07/27-05:15:53.113525 7f28f1bc3700   Options.memtable_insert_with_hint_prefix_extractor: nullptr
2018/07/27-05:15:53.113526 7f28f1bc3700             Options.num_levels: 7
2018/07/27-05:15:53.113527 7f28f1bc3700        Options.min_write_buffer_number_to_merge: 1
2018/07/27-05:15:53.113529 7f28f1bc3700     Options.max_write_buffer_number_to_maintain: 0
2018/07/27-05:15:53.113530 7f28f1bc3700            Options.compression_opts.window_bits: -14
2018/07/27-05:15:53.113531 7f28f1bc3700                  Options.compression_opts.level: -1
2018/07/27-05:15:53.113532 7f28f1bc3700               Options.compression_opts.strategy: 0
2018/07/27-05:15:53.113534 7f28f1bc3700         Options.compression_opts.max_dict_bytes: 0
2018/07/27-05:15:53.113535 7f28f1bc3700      Options.level0_file_num_compaction_trigger: 4
2018/07/27-05:15:53.113536 7f28f1bc3700          Options.level0_slowdown_writes_trigger: 20
2018/07/27-05:15:53.113538 7f28f1bc3700              Options.level0_stop_writes_trigger: 36
2018/07/27-05:15:53.113539 7f28f1bc3700                   Options.target_file_size_base: 67108864
2018/07/27-05:15:53.113540 7f28f1bc3700             Options.target_file_size_multiplier: 1
2018/07/27-05:15:53.113541 7f28f1bc3700                Options.max_bytes_for_level_base: 268435456
2018/07/27-05:15:53.113543 7f28f1bc3700 Options.level_compaction_dynamic_level_bytes: 0
2018/07/27-05:15:53.113544 7f28f1bc3700          Options.max_bytes_for_level_multiplier: 10.000000
2018/07/27-05:15:53.113546 7f28f1bc3700 Options.max_bytes_for_level_multiplier_addtl[0]: 1
2018/07/27-05:15:53.113547 7f28f1bc3700 Options.max_bytes_for_level_multiplier_addtl[1]: 1
2018/07/27-05:15:53.113549 7f28f1bc3700 Options.max_bytes_for_level_multiplier_addtl[2]: 1
2018/07/27-05:15:53.113550 7f28f1bc3700 Options.max_bytes_for_level_multiplier_addtl[3]: 1
2018/07/27-05:15:53.113551 7f28f1bc3700 Options.max_bytes_for_level_multiplier_addtl[4]: 1
2018/07/27-05:15:53.113553 7f28f1bc3700 Options.max_bytes_for_level_multiplier_addtl[5]: 1
2018/07/27-05:15:53.113554 7f28f1bc3700 Options.max_bytes_for_level_multiplier_addtl[6]: 1
2018/07/27-05:15:53.113555 7f28f1bc3700       Options.max_sequential_skip_in_iterations: 8
2018/07/27-05:15:53.113557 7f28f1bc3700                    Options.max_compaction_bytes: 1677721600
2018/07/27-05:15:53.113563 7f28f1bc3700                        Options.arena_block_size: 262144
2018/07/27-05:15:53.113564 7f28f1bc3700   Options.soft_pending_compaction_bytes_limit: 68719476736
2018/07/27-05:15:53.113565 7f28f1bc3700   Options.hard_pending_compaction_bytes_limit: 274877906944
2018/07/27-05:15:53.113567 7f28f1bc3700       Options.rate_limit_delay_max_milliseconds: 100
2018/07/27-05:15:53.113568 7f28f1bc3700                Options.disable_auto_compactions: 0
2018/07/27-05:15:53.113569 7f28f1bc3700                        Options.compaction_style: kCompactionStyleLevel
2018/07/27-05:15:53.113571 7f28f1bc3700                          Options.compaction_pri: kByCompensatedSize
2018/07/27-05:15:53.113572 7f28f1bc3700 Options.compaction_options_universal.size_ratio: 1
2018/07/27-05:15:53.113573 7f28f1bc3700 Options.compaction_options_universal.min_merge_width: 2
2018/07/27-05:15:53.113575 7f28f1bc3700 Options.compaction_options_universal.max_merge_width: 4294967295
2018/07/27-05:15:53.113576 7f28f1bc3700 Options.compaction_options_universal.max_size_amplification_percent: 200
2018/07/27-05:15:53.113577 7f28f1bc3700 Options.compaction_options_universal.compression_size_percent: -1
2018/07/27-05:15:53.113579 7f28f1bc3700 Options.compaction_options_universal.stop_style: kCompactionStopStyleTotalSize
2018/07/27-05:15:53.113580 7f28f1bc3700 Options.compaction_options_fifo.max_table_files_size: 1073741824
2018/07/27-05:15:53.113582 7f28f1bc3700 Options.compaction_options_fifo.allow_compaction: 0
2018/07/27-05:15:53.113583 7f28f1bc3700 Options.compaction_options_fifo.ttl: 0
2018/07/27-05:15:53.113584 7f28f1bc3700                   Options.table_properties_collectors: 
2018/07/27-05:15:53.113585 7f28f1bc3700                   Options.inplace_update_support: 0
2018/07/27-05:15:53.113587 7f28f1bc3700                 Options.inplace_update_num_locks: 10000
2018/07/27-05:15:53.113588 7f28f1bc3700               Options.memtable_prefix_bloom_size_ratio: 0.000000
2018/07/27-05:15:53.113590 7f28f1bc3700   Options.memtable_huge_page_size: 0
2018/07/27-05:15:53.113591 7f28f1bc3700                           Options.bloom_locality: 0
2018/07/27-05:15:53.113593 7f28f1bc3700                    Options.max_successive_merges: 0
2018/07/27-05:15:53.113594 7f28f1bc3700                Options.optimize_filters_for_hits: 0
2018/07/27-05:15:53.113595 7f28f1bc3700                Options.paranoid_file_checks: 0
2018/07/27-05:15:53.113596 7f28f1bc3700                Options.force_consistency_checks: 0
2018/07/27-05:15:53.113598 7f28f1bc3700                Options.report_bg_io_stats: 0
2018/07/27-05:15:53.113618 7f28f1bc3700 [db/column_family.cc:413] --------------- Options for column family [milestone]:
2018/07/27-05:15:53.113620 7f28f1bc3700               Options.comparator: leveldb.BytewiseComparator
2018/07/27-05:15:53.113621 7f28f1bc3700           Options.merge_operator: StringAppendOperator
2018/07/27-05:15:53.113623 7f28f1bc3700        Options.compaction_filter: None
2018/07/27-05:15:53.113624 7f28f1bc3700        Options.compaction_filter_factory: None
2018/07/27-05:15:53.113625 7f28f1bc3700         Options.memtable_factory: SkipListFactory
2018/07/27-05:15:53.113627 7f28f1bc3700            Options.table_factory: BlockBasedTable
2018/07/27-05:15:53.113639 7f28f1bc3700            table_factory options:   flush_block_policy_factory: FlushBlockBySizePolicyFactory (0x7f28e8be9880)
  cache_index_and_filter_blocks: 0
  cache_index_and_filter_blocks_with_high_priority: 0
  pin_l0_filter_and_index_blocks_in_cache: 0
  index_type: 0
  hash_index_allow_collision: 1
  checksum: 1
  no_block_cache: 0
  block_cache: 0x7f28e8bee358
  block_cache_name: LRUCache
  block_cache_options:
    capacity : 32768
    num_shard_bits : 10
    strict_capacity_limit : 0
    high_pri_pool_ratio: 0.000
  block_cache_compressed: (nil)
  persistent_cache: (nil)
  block_size: 4096
  block_size_deviation: 10
  block_restart_interval: 16
  index_block_restart_interval: 1
  filter_policy: rocksdb.BuiltinBloomFilter
  whole_key_filtering: 1
  format_version: 0
2018/07/27-05:15:53.113647 7f28f1bc3700        Options.write_buffer_size: 2097152
2018/07/27-05:15:53.113649 7f28f1bc3700  Options.max_write_buffer_number: 2
2018/07/27-05:15:53.113650 7f28f1bc3700          Options.compression: Snappy
2018/07/27-05:15:53.113651 7f28f1bc3700                  Options.bottommost_compression: Disabled
2018/07/27-05:15:53.113653 7f28f1bc3700       Options.prefix_extractor: nullptr
2018/07/27-05:15:53.113654 7f28f1bc3700   Options.memtable_insert_with_hint_prefix_extractor: nullptr
2018/07/27-05:15:53.113655 7f28f1bc3700             Options.num_levels: 7
2018/07/27-05:15:53.113657 7f28f1bc3700        Options.min_write_buffer_number_to_merge: 1
2018/07/27-05:15:53.113658 7f28f1bc3700     Options.max_write_buffer_number_to_maintain: 0
2018/07/27-05:15:53.113659 7f28f1bc3700            Options.compression_opts.window_bits: -14
2018/07/27-05:15:53.113660 7f28f1bc3700                  Options.compression_opts.level: -1
2018/07/27-05:15:53.113662 7f28f1bc3700               Options.compression_opts.strategy: 0
2018/07/27-05:15:53.113663 7f28f1bc3700         Options.compression_opts.max_dict_bytes: 0
2018/07/27-05:15:53.113664 7f28f1bc3700      Options.level0_file_num_compaction_trigger: 4
2018/07/27-05:15:53.113665 7f28f1bc3700          Options.level0_slowdown_writes_trigger: 20
2018/07/27-05:15:53.113667 7f28f1bc3700              Options.level0_stop_writes_trigger: 36
2018/07/27-05:15:53.113668 7f28f1bc3700                   Options.target_file_size_base: 67108864
2018/07/27-05:15:53.113669 7f28f1bc3700             Options.target_file_size_multiplier: 1
2018/07/27-05:15:53.113671 7f28f1bc3700                Options.max_bytes_for_level_base: 268435456
2018/07/27-05:15:53.113672 7f28f1bc3700 Options.level_compaction_dynamic_level_bytes: 0
2018/07/27-05:15:53.113674 7f28f1bc3700          Options.max_bytes_for_level_multiplier: 10.000000
2018/07/27-05:15:53.113675 7f28f1bc3700 Options.max_bytes_for_level_multiplier_addtl[0]: 1
2018/07/27-05:15:53.113676 7f28f1bc3700 Options.max_bytes_for_level_multiplier_addtl[1]: 1
2018/07/27-05:15:53.113689 7f28f1bc3700 Options.max_bytes_for_level_multiplier_addtl[2]: 1
2018/07/27-05:15:53.113692 7f28f1bc3700 Options.max_bytes_for_level_multiplier_addtl[3]: 1
2018/07/27-05:15:53.113693 7f28f1bc3700 Options.max_bytes_for_level_multiplier_addtl[4]: 1
2018/07/27-05:15:53.113694 7f28f1bc3700 Options.max_bytes_for_level_multiplier_addtl[5]: 1
2018/07/27-05:15:53.113695 7f28f1bc3700 Options.max_bytes_for_level_multiplier_addtl[6]: 1
2018/07/27-05:15:53.113697 7f28f1bc3700       Options.max_sequential_skip_in_iterations: 8
2018/07/27-05:15:53.113698 7f28f1bc3700                    Options.max_compaction_bytes: 1677721600
2018/07/27-05:15:53.113699 7f28f1bc3700                        Options.arena_block_size: 262144
2018/07/27-05:15:53.113701 7f28f1bc3700   Options.soft_pending_compaction_bytes_limit: 68719476736
2018/07/27-05:15:53.113702 7f28f1bc3700   Options.hard_pending_compaction_bytes_limit: 274877906944
2018/07/27-05:15:53.113703 7f28f1bc3700       Options.rate_limit_delay_max_milliseconds: 100
2018/07/27-05:15:53.113705 7f28f1bc3700                Options.disable_auto_compactions: 0
2018/07/27-05:15:53.113706 7f28f1bc3700                        Options.compaction_style: kCompactionStyleLevel
2018/07/27-05:15:53.113708 7f28f1bc3700                          Options.compaction_pri: kByCompensatedSize
2018/07/27-05:15:53.113709 7f28f1bc3700 Options.compaction_options_universal.size_ratio: 1
2018/07/27-05:15:53.113710 7f28f1bc3700 Options.compaction_options_universal.min_merge_width: 2
2018/07/27-05:15:53.113712 7f28f1bc3700 Options.compaction_options_universal.max_merge_width: 4294967295
2018/07/27-05:15:53.113713 7f28f1bc3700 Options.compaction_options_universal.max_size_amplification_percent: 200
2018/07/27-05:15:53.113714 7f28f1bc3700 Options.compaction_options_universal.compression_size_percent: -1
2018/07/27-05:15:53.113716 7f28f1bc3700 Options.compaction_options_universal.stop_style: kCompactionStopStyleTotalSize
2018/07/27-05:15:53.113717 7f28f1bc3700 Options.compaction_options_fifo.max_table_files_size: 1073741824
2018/07/27-05:15:53.113723 7f28f1bc3700 Options.compaction_options_fifo.allow_compaction: 0
2018/07/27-05:15:53.113725 7f28f1bc3700 Options.compaction_options_fifo.ttl: 0
2018/07/27-05:15:53.113726 7f28f1bc3700                   Options.table_properties_collectors: 
2018/07/27-05:15:53.113727 7f28f1bc3700                   Options.inplace_update_support: 0
2018/07/27-05:15:53.113729 7f28f1bc3700                 Options.inplace_update_num_locks: 10000
2018/07/27-05:15:53.113730 7f28f1bc3700               Options.memtable_prefix_bloom_size_ratio: 0.000000
2018/07/27-05:15:53.113732 7f28f1bc3700   Options.memtable_huge_page_size: 0
2018/07/27-05:15:53.113733 7f28f1bc3700                           Options.bloom_locality: 0
2018/07/27-05:15:53.113734 7f28f1bc3700                    Options.max_successive_merges: 0
2018/07/27-05:15:53.113736 7f28f1bc3700                Options.optimize_filters_for_hits: 0
2018/07/27-05:15:53.113737 7f28f1bc3700                Options.paranoid_file_checks: 0
2018/07/27-05:15:53.113738 7f28f1bc3700                Options.force_consistency_checks: 0
2018/07/27-05:15:53.113740 7f28f1bc3700                Options.report_bg_io_stats: 0
2018/07/27-05:15:53.113784 7f28f1bc3700 [db/column_family.cc:413] --------------- Options for column family [stateDiff]:
2018/07/27-05:15:53.113786 7f28f1bc3700               Options.comparator: leveldb.BytewiseComparator
2018/07/27-05:15:53.113787 7f28f1bc3700           Options.merge_operator: StringAppendOperator
2018/07/27-05:15:53.113789 7f28f1bc3700        Options.compaction_filter: None
2018/07/27-05:15:53.113790 7f28f1bc3700        Options.compaction_filter_factory: None
2018/07/27-05:15:53.113792 7f28f1bc3700         Options.memtable_factory: SkipListFactory
2018/07/27-05:15:53.113793 7f28f1bc3700            Options.table_factory: BlockBasedTable
2018/07/27-05:15:53.113809 7f28f1bc3700            table_factory options:   flush_block_policy_factory: FlushBlockBySizePolicyFactory (0x7f28e8be9880)
  cache_index_and_filter_blocks: 0
  cache_index_and_filter_blocks_with_high_priority: 0
  pin_l0_filter_and_index_blocks_in_cache: 0
  index_type: 0
  hash_index_allow_collision: 1
  checksum: 1
  no_block_cache: 0
  block_cache: 0x7f28e8bee358
  block_cache_name: LRUCache
  block_cache_options:
    capacity : 32768
    num_shard_bits : 10
    strict_capacity_limit : 0
    high_pri_pool_ratio: 0.000
  block_cache_compressed: (nil)
  persistent_cache: (nil)
  block_size: 4096
  block_size_deviation: 10
  block_restart_interval: 16
  index_block_restart_interval: 1
  filter_policy: rocksdb.BuiltinBloomFilter
  whole_key_filtering: 1
  format_version: 0
2018/07/27-05:15:53.113812 7f28f1bc3700        Options.write_buffer_size: 2097152
2018/07/27-05:15:53.113813 7f28f1bc3700  Options.max_write_buffer_number: 2
2018/07/27-05:15:53.113814 7f28f1bc3700          Options.compression: Snappy
2018/07/27-05:15:53.113816 7f28f1bc3700                  Options.bottommost_compression: Disabled
2018/07/27-05:15:53.113817 7f28f1bc3700       Options.prefix_extractor: nullptr
2018/07/27-05:15:53.113818 7f28f1bc3700   Options.memtable_insert_with_hint_prefix_extractor: nullptr
2018/07/27-05:15:53.113820 7f28f1bc3700             Options.num_levels: 7
2018/07/27-05:15:53.113821 7f28f1bc3700        Options.min_write_buffer_number_to_merge: 1
2018/07/27-05:15:53.113822 7f28f1bc3700     Options.max_write_buffer_number_to_maintain: 0
2018/07/27-05:15:53.113824 7f28f1bc3700            Options.compression_opts.window_bits: -14
2018/07/27-05:15:53.113825 7f28f1bc3700                  Options.compression_opts.level: -1
2018/07/27-05:15:53.113826 7f28f1bc3700               Options.compression_opts.strategy: 0
2018/07/27-05:15:53.113827 7f28f1bc3700         Options.compression_opts.max_dict_bytes: 0
2018/07/27-05:15:53.113829 7f28f1bc3700      Options.level0_file_num_compaction_trigger: 4
2018/07/27-05:15:53.113830 7f28f1bc3700          Options.level0_slowdown_writes_trigger: 20
2018/07/27-05:15:53.113831 7f28f1bc3700              Options.level0_stop_writes_trigger: 36
2018/07/27-05:15:53.113838 7f28f1bc3700                   Options.target_file_size_base: 67108864
2018/07/27-05:15:53.113840 7f28f1bc3700             Options.target_file_size_multiplier: 1
2018/07/27-05:15:53.113842 7f28f1bc3700                Options.max_bytes_for_level_base: 268435456
2018/07/27-05:15:53.113843 7f28f1bc3700 Options.level_compaction_dynamic_level_bytes: 0
2018/07/27-05:15:53.113845 7f28f1bc3700          Options.max_bytes_for_level_multiplier: 10.000000
2018/07/27-05:15:53.113847 7f28f1bc3700 Options.max_bytes_for_level_multiplier_addtl[0]: 1
2018/07/27-05:15:53.113848 7f28f1bc3700 Options.max_bytes_for_level_multiplier_addtl[1]: 1
2018/07/27-05:15:53.113850 7f28f1bc3700 Options.max_bytes_for_level_multiplier_addtl[2]: 1
2018/07/27-05:15:53.113851 7f28f1bc3700 Options.max_bytes_for_level_multiplier_addtl[3]: 1
2018/07/27-05:15:53.113852 7f28f1bc3700 Options.max_bytes_for_level_multiplier_addtl[4]: 1
2018/07/27-05:15:53.113854 7f28f1bc3700 Options.max_bytes_for_level_multiplier_addtl[5]: 1
2018/07/27-05:15:53.113855 7f28f1bc3700 Options.max_bytes_for_level_multiplier_addtl[6]: 1
2018/07/27-05:15:53.113856 7f28f1bc3700       Options.max_sequential_skip_in_iterations: 8
2018/07/27-05:15:53.113857 7f28f1bc3700                    Options.max_compaction_bytes: 1677721600
2018/07/27-05:15:53.113859 7f28f1bc3700                        Options.arena_block_size: 262144
2018/07/27-05:15:53.113860 7f28f1bc3700   Options.soft_pending_compaction_bytes_limit: 68719476736
2018/07/27-05:15:53.113861 7f28f1bc3700   Options.hard_pending_compaction_bytes_limit: 274877906944
2018/07/27-05:15:53.113863 7f28f1bc3700       Options.rate_limit_delay_max_milliseconds: 100
2018/07/27-05:15:53.113864 7f28f1bc3700                Options.disable_auto_compactions: 0
2018/07/27-05:15:53.113866 7f28f1bc3700                        Options.compaction_style: kCompactionStyleLevel
2018/07/27-05:15:53.113867 7f28f1bc3700                          Options.compaction_pri: kByCompensatedSize
2018/07/27-05:15:53.113868 7f28f1bc3700 Options.compaction_options_universal.size_ratio: 1
2018/07/27-05:15:53.113869 7f28f1bc3700 Options.compaction_options_universal.min_merge_width: 2
2018/07/27-05:15:53.113871 7f28f1bc3700 Options.compaction_options_universal.max_merge_width: 4294967295
2018/07/27-05:15:53.113872 7f28f1bc3700 Options.compaction_options_universal.max_size_amplification_percent: 200
2018/07/27-05:15:53.113873 7f28f1bc3700 Options.compaction_options_universal.compression_size_percent: -1
2018/07/27-05:15:53.113875 7f28f1bc3700 Options.compaction_options_universal.stop_style: kCompactionStopStyleTotalSize
2018/07/27-05:15:53.113876 7f28f1bc3700 Options.compaction_options_fifo.max_table_files_size: 1073741824
2018/07/27-05:15:53.113877 7f28f1bc3700 Options.compaction_options_fifo.allow_compaction: 0
2018/07/27-05:15:53.113879 7f28f1bc3700 Options.compaction_options_fifo.ttl: 0
2018/07/27-05:15:53.113880 7f28f1bc3700                   Options.table_properties_collectors: 
