2018/08/03-21:48:20.869936 7f5913cfb700 RocksDB version: 5.7.3
2018/08/03-21:48:20.869967 7f5913cfb700 Git sha rocksdb_build_git_sha:
2018/08/03-21:48:20.869969 7f5913cfb700 Compile date Sep  1 2017
2018/08/03-21:48:20.869973 7f5913cfb700 DB SUMMARY
2018/08/03-21:48:20.870054 7f5913cfb700 CURRENT file:  CURRENT
2018/08/03-21:48:20.870057 7f5913cfb700 IDENTITY file:  IDENTITY
2018/08/03-21:48:20.870060 7f5913cfb700 MANIFEST file:  MANIFEST-000806 size: 7502 Bytes
2018/08/03-21:48:20.870063 7f5913cfb700 SST files in testnetdb dir, Total Num: 48, files: 000050.sst 000069.sst 000135.sst 000152.sst 000165.sst 000183.sst 000198.sst 000239.sst 000258.sst 
2018/08/03-21:48:20.870066 7f5913cfb700 Write Ahead Log file in testnetdb: 000814.log size: 45276 ; 
2018/08/03-21:48:20.870072 7f5913cfb700                         Options.error_if_exists: 0
2018/08/03-21:48:20.870073 7f5913cfb700                       Options.create_if_missing: 1
2018/08/03-21:48:20.870075 7f5913cfb700                         Options.paranoid_checks: 1
2018/08/03-21:48:20.870076 7f5913cfb700                                     Options.env: 0x7f58dfff8880
2018/08/03-21:48:20.870078 7f5913cfb700                                Options.info_log: 0x7f590ccd11e0
2018/08/03-21:48:20.870079 7f5913cfb700                Options.max_file_opening_threads: 16
2018/08/03-21:48:20.870080 7f5913cfb700                               Options.use_fsync: 0
2018/08/03-21:48:20.870082 7f5913cfb700                       Options.max_log_file_size: 1048576
2018/08/03-21:48:20.870083 7f5913cfb700                  Options.max_manifest_file_size: 1048576
2018/08/03-21:48:20.870085 7f5913cfb700                   Options.log_file_time_to_roll: 0
2018/08/03-21:48:20.870086 7f5913cfb700                       Options.keep_log_file_num: 1000
2018/08/03-21:48:20.870087 7f5913cfb700                    Options.recycle_log_file_num: 0
2018/08/03-21:48:20.870089 7f5913cfb700                         Options.allow_fallocate: 1
2018/08/03-21:48:20.870090 7f5913cfb700                        Options.allow_mmap_reads: 0
2018/08/03-21:48:20.870091 7f5913cfb700                       Options.allow_mmap_writes: 0
2018/08/03-21:48:20.870093 7f5913cfb700                        Options.use_direct_reads: 0
2018/08/03-21:48:20.870094 7f5913cfb700                        Options.use_direct_io_for_flush_and_compaction: 0
2018/08/03-21:48:20.870096 7f5913cfb700          Options.create_missing_column_families: 1
2018/08/03-21:48:20.870099 7f5913cfb700                              Options.db_log_dir: testnetdb.log
2018/08/03-21:48:20.870100 7f5913cfb700                                 Options.wal_dir: testnetdb
2018/08/03-21:48:20.870102 7f5913cfb700                Options.table_cache_numshardbits: 6
2018/08/03-21:48:20.870103 7f5913cfb700                      Options.max_subcompactions: 4
2018/08/03-21:48:20.870104 7f5913cfb700                  Options.max_background_flushes: -1
2018/08/03-21:48:20.870106 7f5913cfb700                         Options.WAL_ttl_seconds: 0
2018/08/03-21:48:20.870107 7f5913cfb700                       Options.WAL_size_limit_MB: 0
2018/08/03-21:48:20.870108 7f5913cfb700             Options.manifest_preallocation_size: 4194304
2018/08/03-21:48:20.870110 7f5913cfb700                     Options.is_fd_close_on_exec: 1
2018/08/03-21:48:20.870111 7f5913cfb700                   Options.advise_random_on_open: 1
2018/08/03-21:48:20.870112 7f5913cfb700                    Options.db_write_buffer_size: 0
2018/08/03-21:48:20.870113 7f5913cfb700         Options.access_hint_on_compaction_start: 1
2018/08/03-21:48:20.870115 7f5913cfb700  Options.new_table_reader_for_compaction_inputs: 0
2018/08/03-21:48:20.870116 7f5913cfb700               Options.compaction_readahead_size: 0
2018/08/03-21:48:20.870117 7f5913cfb700           Options.random_access_max_buffer_size: 1048576
2018/08/03-21:48:20.870119 7f5913cfb700           Options.writable_file_max_buffer_size: 1048576
2018/08/03-21:48:20.870120 7f5913cfb700                      Options.use_adaptive_mutex: 0
2018/08/03-21:48:20.870122 7f5913cfb700                            Options.rate_limiter: (nil)
2018/08/03-21:48:20.870125 7f5913cfb700     Options.sst_file_manager.rate_bytes_per_sec: 0
2018/08/03-21:48:20.870138 7f5913cfb700                          Options.bytes_per_sync: 0
2018/08/03-21:48:20.870139 7f5913cfb700                      Options.wal_bytes_per_sync: 0
2018/08/03-21:48:20.870141 7f5913cfb700                       Options.wal_recovery_mode: 2
2018/08/03-21:48:20.870142 7f5913cfb700                  Options.enable_thread_tracking: 0
2018/08/03-21:48:20.870143 7f5913cfb700                  Options.enable_pipelined_write: 0
2018/08/03-21:48:20.870145 7f5913cfb700         Options.allow_concurrent_memtable_write: 1
2018/08/03-21:48:20.870146 7f5913cfb700      Options.enable_write_thread_adaptive_yield: 1
2018/08/03-21:48:20.870148 7f5913cfb700             Options.write_thread_max_yield_usec: 100
2018/08/03-21:48:20.870149 7f5913cfb700            Options.write_thread_slow_yield_usec: 3
2018/08/03-21:48:20.870150 7f5913cfb700                               Options.row_cache: None
2018/08/03-21:48:20.870152 7f5913cfb700                              Options.wal_filter: None
2018/08/03-21:48:20.870154 7f5913cfb700             Options.avoid_flush_during_recovery: 0
2018/08/03-21:48:20.870156 7f5913cfb700             Options.allow_ingest_behind: 0
2018/08/03-21:48:20.870157 7f5913cfb700             Options.concurrent_prepare: 0
2018/08/03-21:48:20.870159 7f5913cfb700             Options.manual_wal_flush: 0
2018/08/03-21:48:20.870162 7f5913cfb700             Options.max_background_jobs: 2
2018/08/03-21:48:20.870165 7f5913cfb700             Options.max_background_compactions: 1
2018/08/03-21:48:20.870167 7f5913cfb700             Options.avoid_flush_during_shutdown: 0
2018/08/03-21:48:20.870169 7f5913cfb700             Options.delayed_write_rate : 16777216
2018/08/03-21:48:20.870170 7f5913cfb700             Options.max_total_wal_size: 0
2018/08/03-21:48:20.870172 7f5913cfb700             Options.delete_obsolete_files_period_micros: 21600000000
2018/08/03-21:48:20.870174 7f5913cfb700                   Options.stats_dump_period_sec: 600
2018/08/03-21:48:20.870175 7f5913cfb700                          Options.max_open_files: 10000
2018/08/03-21:48:20.870177 7f5913cfb700 Compression algorithms supported:
2018/08/03-21:48:20.870178 7f5913cfb700 	Snappy supported: 1
2018/08/03-21:48:20.870180 7f5913cfb700 	Zlib supported: 1
2018/08/03-21:48:20.870181 7f5913cfb700 	Bzip supported: 1
2018/08/03-21:48:20.870182 7f5913cfb700 	LZ4 supported: 1
2018/08/03-21:48:20.870195 7f5913cfb700 	ZSTD supported: 1
2018/08/03-21:48:20.870198 7f5913cfb700 Fast CRC32 supported: 0
2018/08/03-21:48:20.870607 7f5913cfb700 [db/version_set.cc:2712] Recovering from manifest file: MANIFEST-000806
2018/08/03-21:48:20.870832 7f5913cfb700 [db/column_family.cc:413] --------------- Options for column family [default]:
2018/08/03-21:48:20.870844 7f5913cfb700               Options.comparator: leveldb.BytewiseComparator
2018/08/03-21:48:20.870850 7f5913cfb700           Options.merge_operator: StringAppendOperator
2018/08/03-21:48:20.870853 7f5913cfb700        Options.compaction_filter: None
2018/08/03-21:48:20.870855 7f5913cfb700        Options.compaction_filter_factory: None
2018/08/03-21:48:20.870858 7f5913cfb700         Options.memtable_factory: SkipListFactory
2018/08/03-21:48:20.870861 7f5913cfb700            Options.table_factory: BlockBasedTable
2018/08/03-21:48:20.870925 7f5913cfb700            table_factory options:   flush_block_policy_factory: FlushBlockBySizePolicyFactory (0x7f590cc7e650)
  cache_index_and_filter_blocks: 0
  cache_index_and_filter_blocks_with_high_priority: 0
  pin_l0_filter_and_index_blocks_in_cache: 0
  index_type: 0
  hash_index_allow_collision: 1
  checksum: 1
  no_block_cache: 0
  block_cache: 0x7f590cc7e0d8
  block_cache_name: LRUCache
  block_cache_options:
    capacity : 32768
    num_shard_bits : 10
    strict_capacity_limit : 0
    high_pri_pool_ratio: 0.000
  block_cache_compressed: (nil)
  persistent_cache: (nil)
  block_size: 4096
  block_size_deviation: 10
  block_restart_interval: 16
  index_block_restart_interval: 1
  filter_policy: rocksdb.BuiltinBloomFilter
  whole_key_filtering: 1
  format_version: 0
2018/08/03-21:48:20.871000 7f5913cfb700        Options.write_buffer_size: 2097152
2018/08/03-21:48:20.871006 7f5913cfb700  Options.max_write_buffer_number: 2
2018/08/03-21:48:20.871012 7f5913cfb700          Options.compression: Snappy
2018/08/03-21:48:20.871014 7f5913cfb700                  Options.bottommost_compression: Disabled
2018/08/03-21:48:20.871015 7f5913cfb700       Options.prefix_extractor: nullptr
2018/08/03-21:48:20.871017 7f5913cfb700   Options.memtable_insert_with_hint_prefix_extractor: nullptr
2018/08/03-21:48:20.871018 7f5913cfb700             Options.num_levels: 7
2018/08/03-21:48:20.871019 7f5913cfb700        Options.min_write_buffer_number_to_merge: 1
2018/08/03-21:48:20.871021 7f5913cfb700     Options.max_write_buffer_number_to_maintain: 0
2018/08/03-21:48:20.871022 7f5913cfb700            Options.compression_opts.window_bits: -14
2018/08/03-21:48:20.871023 7f5913cfb700                  Options.compression_opts.level: -1
2018/08/03-21:48:20.871024 7f5913cfb700               Options.compression_opts.strategy: 0
2018/08/03-21:48:20.871026 7f5913cfb700         Options.compression_opts.max_dict_bytes: 0
2018/08/03-21:48:20.871027 7f5913cfb700      Options.level0_file_num_compaction_trigger: 4
2018/08/03-21:48:20.871028 7f5913cfb700          Options.level0_slowdown_writes_trigger: 20
2018/08/03-21:48:20.871029 7f5913cfb700              Options.level0_stop_writes_trigger: 36
2018/08/03-21:48:20.871031 7f5913cfb700                   Options.target_file_size_base: 67108864
2018/08/03-21:48:20.871032 7f5913cfb700             Options.target_file_size_multiplier: 1
2018/08/03-21:48:20.871033 7f5913cfb700                Options.max_bytes_for_level_base: 268435456
2018/08/03-21:48:20.871035 7f5913cfb700 Options.level_compaction_dynamic_level_bytes: 0
2018/08/03-21:48:20.871037 7f5913cfb700          Options.max_bytes_for_level_multiplier: 10.000000
2018/08/03-21:48:20.871040 7f5913cfb700 Options.max_bytes_for_level_multiplier_addtl[0]: 1
2018/08/03-21:48:20.871041 7f5913cfb700 Options.max_bytes_for_level_multiplier_addtl[1]: 1
2018/08/03-21:48:20.871042 7f5913cfb700 Options.max_bytes_for_level_multiplier_addtl[2]: 1
2018/08/03-21:48:20.871044 7f5913cfb700 Options.max_bytes_for_level_multiplier_addtl[3]: 1
2018/08/03-21:48:20.871045 7f5913cfb700 Options.max_bytes_for_level_multiplier_addtl[4]: 1
2018/08/03-21:48:20.871046 7f5913cfb700 Options.max_bytes_for_level_multiplier_addtl[5]: 1
2018/08/03-21:48:20.871048 7f5913cfb700 Options.max_bytes_for_level_multiplier_addtl[6]: 1
2018/08/03-21:48:20.871049 7f5913cfb700       Options.max_sequential_skip_in_iterations: 8
2018/08/03-21:48:20.871050 7f5913cfb700                    Options.max_compaction_bytes: 1677721600
2018/08/03-21:48:20.871052 7f5913cfb700                        Options.arena_block_size: 262144
2018/08/03-21:48:20.871053 7f5913cfb700   Options.soft_pending_compaction_bytes_limit: 68719476736
2018/08/03-21:48:20.871054 7f5913cfb700   Options.hard_pending_compaction_bytes_limit: 274877906944
2018/08/03-21:48:20.871056 7f5913cfb700       Options.rate_limit_delay_max_milliseconds: 100
2018/08/03-21:48:20.871057 7f5913cfb700                Options.disable_auto_compactions: 0
2018/08/03-21:48:20.871059 7f5913cfb700                        Options.compaction_style: kCompactionStyleLevel
2018/08/03-21:48:20.871061 7f5913cfb700                          Options.compaction_pri: kByCompensatedSize
2018/08/03-21:48:20.871062 7f5913cfb700 Options.compaction_options_universal.size_ratio: 1
2018/08/03-21:48:20.871063 7f5913cfb700 Options.compaction_options_universal.min_merge_width: 2
2018/08/03-21:48:20.871064 7f5913cfb700 Options.compaction_options_universal.max_merge_width: 4294967295
2018/08/03-21:48:20.871066 7f5913cfb700 Options.compaction_options_universal.max_size_amplification_percent: 200
2018/08/03-21:48:20.871067 7f5913cfb700 Options.compaction_options_universal.compression_size_percent: -1
2018/08/03-21:48:20.871069 7f5913cfb700 Options.compaction_options_universal.stop_style: kCompactionStopStyleTotalSize
2018/08/03-21:48:20.871076 7f5913cfb700 Options.compaction_options_fifo.max_table_files_size: 1073741824
2018/08/03-21:48:20.871077 7f5913cfb700 Options.compaction_options_fifo.allow_compaction: 0
2018/08/03-21:48:20.871078 7f5913cfb700 Options.compaction_options_fifo.ttl: 0
2018/08/03-21:48:20.871080 7f5913cfb700                   Options.table_properties_collectors: 
2018/08/03-21:48:20.871081 7f5913cfb700                   Options.inplace_update_support: 0
2018/08/03-21:48:20.871083 7f5913cfb700                 Options.inplace_update_num_locks: 10000
2018/08/03-21:48:20.871084 7f5913cfb700               Options.memtable_prefix_bloom_size_ratio: 0.000000
2018/08/03-21:48:20.871086 7f5913cfb700   Options.memtable_huge_page_size: 0
2018/08/03-21:48:20.871087 7f5913cfb700                           Options.bloom_locality: 0
2018/08/03-21:48:20.871089 7f5913cfb700                    Options.max_successive_merges: 0
2018/08/03-21:48:20.871090 7f5913cfb700                Options.optimize_filters_for_hits: 0
2018/08/03-21:48:20.871093 7f5913cfb700                Options.paranoid_file_checks: 0
2018/08/03-21:48:20.871094 7f5913cfb700                Options.force_consistency_checks: 0
2018/08/03-21:48:20.871095 7f5913cfb700                Options.report_bg_io_stats: 0
2018/08/03-21:48:20.871204 7f5913cfb700 [db/column_family.cc:413] --------------- Options for column family [transaction]:
2018/08/03-21:48:20.871208 7f5913cfb700               Options.comparator: leveldb.BytewiseComparator
2018/08/03-21:48:20.871210 7f5913cfb700           Options.merge_operator: StringAppendOperator
2018/08/03-21:48:20.871212 7f5913cfb700        Options.compaction_filter: None
2018/08/03-21:48:20.871213 7f5913cfb700        Options.compaction_filter_factory: None
2018/08/03-21:48:20.871214 7f5913cfb700         Options.memtable_factory: SkipListFactory
2018/08/03-21:48:20.871216 7f5913cfb700            Options.table_factory: BlockBasedTable
2018/08/03-21:48:20.871233 7f5913cfb700            table_factory options:   flush_block_policy_factory: FlushBlockBySizePolicyFactory (0x7f590cc7e650)
  cache_index_and_filter_blocks: 0
  cache_index_and_filter_blocks_with_high_priority: 0
  pin_l0_filter_and_index_blocks_in_cache: 0
  index_type: 0
  hash_index_allow_collision: 1
  checksum: 1
  no_block_cache: 0
  block_cache: 0x7f590cc7e0d8
  block_cache_name: LRUCache
  block_cache_options:
    capacity : 32768
    num_shard_bits : 10
    strict_capacity_limit : 0
    high_pri_pool_ratio: 0.000
  block_cache_compressed: (nil)
  persistent_cache: (nil)
  block_size: 4096
  block_size_deviation: 10
  block_restart_interval: 16
  index_block_restart_interval: 1
  filter_policy: rocksdb.BuiltinBloomFilter
  whole_key_filtering: 1
  format_version: 0
2018/08/03-21:48:20.871235 7f5913cfb700        Options.write_buffer_size: 2097152
2018/08/03-21:48:20.871236 7f5913cfb700  Options.max_write_buffer_number: 2
2018/08/03-21:48:20.871238 7f5913cfb700          Options.compression: Snappy
2018/08/03-21:48:20.871239 7f5913cfb700                  Options.bottommost_compression: Disabled
2018/08/03-21:48:20.871241 7f5913cfb700       Options.prefix_extractor: nullptr
2018/08/03-21:48:20.871242 7f5913cfb700   Options.memtable_insert_with_hint_prefix_extractor: nullptr
2018/08/03-21:48:20.871243 7f5913cfb700             Options.num_levels: 7
2018/08/03-21:48:20.871244 7f5913cfb700        Options.min_write_buffer_number_to_merge: 1
2018/08/03-21:48:20.871246 7f5913cfb700     Options.max_write_buffer_number_to_maintain: 0
2018/08/03-21:48:20.871247 7f5913cfb700            Options.compression_opts.window_bits: -14
2018/08/03-21:48:20.871248 7f5913cfb700                  Options.compression_opts.level: -1
2018/08/03-21:48:20.871249 7f5913cfb700               Options.compression_opts.strategy: 0
2018/08/03-21:48:20.871250 7f5913cfb700         Options.compression_opts.max_dict_bytes: 0
2018/08/03-21:48:20.871252 7f5913cfb700      Options.level0_file_num_compaction_trigger: 4
2018/08/03-21:48:20.871253 7f5913cfb700          Options.level0_slowdown_writes_trigger: 20
2018/08/03-21:48:20.871264 7f5913cfb700              Options.level0_stop_writes_trigger: 36
2018/08/03-21:48:20.871265 7f5913cfb700                   Options.target_file_size_base: 67108864
2018/08/03-21:48:20.871266 7f5913cfb700             Options.target_file_size_multiplier: 1
2018/08/03-21:48:20.871268 7f5913cfb700                Options.max_bytes_for_level_base: 268435456
2018/08/03-21:48:20.871269 7f5913cfb700 Options.level_compaction_dynamic_level_bytes: 0
2018/08/03-21:48:20.871271 7f5913cfb700          Options.max_bytes_for_level_multiplier: 10.000000
2018/08/03-21:48:20.871272 7f5913cfb700 Options.max_bytes_for_level_multiplier_addtl[0]: 1
2018/08/03-21:48:20.871274 7f5913cfb700 Options.max_bytes_for_level_multiplier_addtl[1]: 1
2018/08/03-21:48:20.871275 7f5913cfb700 Options.max_bytes_for_level_multiplier_addtl[2]: 1
2018/08/03-21:48:20.871288 7f5913cfb700 Options.max_bytes_for_level_multiplier_addtl[3]: 1
2018/08/03-21:48:20.871290 7f5913cfb700 Options.max_bytes_for_level_multiplier_addtl[4]: 1
2018/08/03-21:48:20.871291 7f5913cfb700 Options.max_bytes_for_level_multiplier_addtl[5]: 1
2018/08/03-21:48:20.871292 7f5913cfb700 Options.max_bytes_for_level_multiplier_addtl[6]: 1
2018/08/03-21:48:20.871293 7f5913cfb700       Options.max_sequential_skip_in_iterations: 8
2018/08/03-21:48:20.871295 7f5913cfb700                    Options.max_compaction_bytes: 1677721600
2018/08/03-21:48:20.871296 7f5913cfb700                        Options.arena_block_size: 262144
2018/08/03-21:48:20.871297 7f5913cfb700   Options.soft_pending_compaction_bytes_limit: 68719476736
2018/08/03-21:48:20.871299 7f5913cfb700   Options.hard_pending_compaction_bytes_limit: 274877906944
2018/08/03-21:48:20.871300 7f5913cfb700       Options.rate_limit_delay_max_milliseconds: 100
2018/08/03-21:48:20.871301 7f5913cfb700                Options.disable_auto_compactions: 0
2018/08/03-21:48:20.871303 7f5913cfb700                        Options.compaction_style: kCompactionStyleLevel
2018/08/03-21:48:20.871304 7f5913cfb700                          Options.compaction_pri: kByCompensatedSize
2018/08/03-21:48:20.871305 7f5913cfb700 Options.compaction_options_universal.size_ratio: 1
2018/08/03-21:48:20.871307 7f5913cfb700 Options.compaction_options_universal.min_merge_width: 2
2018/08/03-21:48:20.871308 7f5913cfb700 Options.compaction_options_universal.max_merge_width: 4294967295
2018/08/03-21:48:20.871309 7f5913cfb700 Options.compaction_options_universal.max_size_amplification_percent: 200
2018/08/03-21:48:20.871310 7f5913cfb700 Options.compaction_options_universal.compression_size_percent: -1
2018/08/03-21:48:20.871312 7f5913cfb700 Options.compaction_options_universal.stop_style: kCompactionStopStyleTotalSize
2018/08/03-21:48:20.871313 7f5913cfb700 Options.compaction_options_fifo.max_table_files_size: 1073741824
2018/08/03-21:48:20.871315 7f5913cfb700 Options.compaction_options_fifo.allow_compaction: 0
2018/08/03-21:48:20.871316 7f5913cfb700 Options.compaction_options_fifo.ttl: 0
2018/08/03-21:48:20.871317 7f5913cfb700                   Options.table_properties_collectors: 
2018/08/03-21:48:20.871318 7f5913cfb700                   Options.inplace_update_support: 0
2018/08/03-21:48:20.871319 7f5913cfb700                 Options.inplace_update_num_locks: 10000
2018/08/03-21:48:20.871321 7f5913cfb700               Options.memtable_prefix_bloom_size_ratio: 0.000000
2018/08/03-21:48:20.871322 7f5913cfb700   Options.memtable_huge_page_size: 0
2018/08/03-21:48:20.871324 7f5913cfb700                           Options.bloom_locality: 0
2018/08/03-21:48:20.871325 7f5913cfb700                    Options.max_successive_merges: 0
2018/08/03-21:48:20.871326 7f5913cfb700                Options.optimize_filters_for_hits: 0
2018/08/03-21:48:20.871327 7f5913cfb700                Options.paranoid_file_checks: 0
2018/08/03-21:48:20.871329 7f5913cfb700                Options.force_consistency_checks: 0
2018/08/03-21:48:20.871331 7f5913cfb700                Options.report_bg_io_stats: 0
2018/08/03-21:48:20.871366 7f5913cfb700 [db/column_family.cc:413] --------------- Options for column family [transaction-metadata]:
2018/08/03-21:48:20.871374 7f5913cfb700               Options.comparator: leveldb.BytewiseComparator
2018/08/03-21:48:20.871376 7f5913cfb700           Options.merge_operator: StringAppendOperator
2018/08/03-21:48:20.871377 7f5913cfb700        Options.compaction_filter: None
2018/08/03-21:48:20.871379 7f5913cfb700        Options.compaction_filter_factory: None
2018/08/03-21:48:20.871380 7f5913cfb700         Options.memtable_factory: SkipListFactory
2018/08/03-21:48:20.871381 7f5913cfb700            Options.table_factory: BlockBasedTable
2018/08/03-21:48:20.871398 7f5913cfb700            table_factory options:   flush_block_policy_factory: FlushBlockBySizePolicyFactory (0x7f590cc7e650)
  cache_index_and_filter_blocks: 0
  cache_index_and_filter_blocks_with_high_priority: 0
  pin_l0_filter_and_index_blocks_in_cache: 0
  index_type: 0
  hash_index_allow_collision: 1
  checksum: 1
  no_block_cache: 0
  block_cache: 0x7f590cc7e0d8
  block_cache_name: LRUCache
  block_cache_options:
    capacity : 32768
    num_shard_bits : 10
    strict_capacity_limit : 0
    high_pri_pool_ratio: 0.000
  block_cache_compressed: (nil)
  persistent_cache: (nil)
  block_size: 4096
  block_size_deviation: 10
  block_restart_interval: 16
  index_block_restart_interval: 1
  filter_policy: rocksdb.BuiltinBloomFilter
  whole_key_filtering: 1
  format_version: 0
2018/08/03-21:48:20.871401 7f5913cfb700        Options.write_buffer_size: 2097152
2018/08/03-21:48:20.871402 7f5913cfb700  Options.max_write_buffer_number: 2
2018/08/03-21:48:20.871404 7f5913cfb700          Options.compression: Snappy
2018/08/03-21:48:20.871405 7f5913cfb700                  Options.bottommost_compression: Disabled
2018/08/03-21:48:20.871406 7f5913cfb700       Options.prefix_extractor: nullptr
2018/08/03-21:48:20.871408 7f5913cfb700   Options.memtable_insert_with_hint_prefix_extractor: nullptr
2018/08/03-21:48:20.871409 7f5913cfb700             Options.num_levels: 7
2018/08/03-21:48:20.871410 7f5913cfb700        Options.min_write_buffer_number_to_merge: 1
2018/08/03-21:48:20.871413 7f5913cfb700     Options.max_write_buffer_number_to_maintain: 0
2018/08/03-21:48:20.871415 7f5913cfb700            Options.compression_opts.window_bits: -14
2018/08/03-21:48:20.871416 7f5913cfb700                  Options.compression_opts.level: -1
2018/08/03-21:48:20.871417 7f5913cfb700               Options.compression_opts.strategy: 0
2018/08/03-21:48:20.871419 7f5913cfb700         Options.compression_opts.max_dict_bytes: 0
2018/08/03-21:48:20.871420 7f5913cfb700      Options.level0_file_num_compaction_trigger: 4
2018/08/03-21:48:20.871421 7f5913cfb700          Options.level0_slowdown_writes_trigger: 20
2018/08/03-21:48:20.871422 7f5913cfb700              Options.level0_stop_writes_trigger: 36
2018/08/03-21:48:20.871424 7f5913cfb700                   Options.target_file_size_base: 67108864
2018/08/03-21:48:20.871425 7f5913cfb700             Options.target_file_size_multiplier: 1
2018/08/03-21:48:20.871426 7f5913cfb700                Options.max_bytes_for_level_base: 268435456
2018/08/03-21:48:20.871428 7f5913cfb700 Options.level_compaction_dynamic_level_bytes: 0
2018/08/03-21:48:20.871429 7f5913cfb700          Options.max_bytes_for_level_multiplier: 10.000000
2018/08/03-21:48:20.871431 7f5913cfb700 Options.max_bytes_for_level_multiplier_addtl[0]: 1
2018/08/03-21:48:20.871432 7f5913cfb700 Options.max_bytes_for_level_multiplier_addtl[1]: 1
2018/08/03-21:48:20.871434 7f5913cfb700 Options.max_bytes_for_level_multiplier_addtl[2]: 1
2018/08/03-21:48:20.871435 7f5913cfb700 Options.max_bytes_for_level_multiplier_addtl[3]: 1
2018/08/03-21:48:20.871436 7f5913cfb700 Options.max_bytes_for_level_multiplier_addtl[4]: 1
2018/08/03-21:48:20.871438 7f5913cfb700 Options.max_bytes_for_level_multiplier_addtl[5]: 1
2018/08/03-21:48:20.871439 7f5913cfb700 Options.max_bytes_for_level_multiplier_addtl[6]: 1
2018/08/03-21:48:20.871440 7f5913cfb700       Options.max_sequential_skip_in_iterations: 8
2018/08/03-21:48:20.871441 7f5913cfb700                    Options.max_compaction_bytes: 1677721600
2018/08/03-21:48:20.871448 7f5913cfb700                        Options.arena_block_size: 262144
2018/08/03-21:48:20.871449 7f5913cfb700   Options.soft_pending_compaction_bytes_limit: 68719476736
2018/08/03-21:48:20.871450 7f5913cfb700   Options.hard_pending_compaction_bytes_limit: 274877906944
2018/08/03-21:48:20.871452 7f5913cfb700       Options.rate_limit_delay_max_milliseconds: 100
2018/08/03-21:48:20.871453 7f5913cfb700                Options.disable_auto_compactions: 0
2018/08/03-21:48:20.871455 7f5913cfb700                        Options.compaction_style: kCompactionStyleLevel
2018/08/03-21:48:20.871456 7f5913cfb700                          Options.compaction_pri: kByCompensatedSize
2018/08/03-21:48:20.871457 7f5913cfb700 Options.compaction_options_universal.size_ratio: 1
2018/08/03-21:48:20.871459 7f5913cfb700 Options.compaction_options_universal.min_merge_width: 2
2018/08/03-21:48:20.871460 7f5913cfb700 Options.compaction_options_universal.max_merge_width: 4294967295
2018/08/03-21:48:20.871461 7f5913cfb700 Options.compaction_options_universal.max_size_amplification_percent: 200
2018/08/03-21:48:20.871463 7f5913cfb700 Options.compaction_options_universal.compression_size_percent: -1
2018/08/03-21:48:20.871464 7f5913cfb700 Options.compaction_options_universal.stop_style: kCompactionStopStyleTotalSize
2018/08/03-21:48:20.871465 7f5913cfb700 Options.compaction_options_fifo.max_table_files_size: 1073741824
2018/08/03-21:48:20.871467 7f5913cfb700 Options.compaction_options_fifo.allow_compaction: 0
2018/08/03-21:48:20.871468 7f5913cfb700 Options.compaction_options_fifo.ttl: 0
2018/08/03-21:48:20.871469 7f5913cfb700                   Options.table_properties_collectors: 
2018/08/03-21:48:20.871471 7f5913cfb700                   Options.inplace_update_support: 0
2018/08/03-21:48:20.871472 7f5913cfb700                 Options.inplace_update_num_locks: 10000
2018/08/03-21:48:20.871473 7f5913cfb700               Options.memtable_prefix_bloom_size_ratio: 0.000000
2018/08/03-21:48:20.871475 7f5913cfb700   Options.memtable_huge_page_size: 0
2018/08/03-21:48:20.871476 7f5913cfb700                           Options.bloom_locality: 0
2018/08/03-21:48:20.871477 7f5913cfb700                    Options.max_successive_merges: 0
2018/08/03-21:48:20.871479 7f5913cfb700                Options.optimize_filters_for_hits: 0
2018/08/03-21:48:20.871480 7f5913cfb700                Options.paranoid_file_checks: 0
2018/08/03-21:48:20.871481 7f5913cfb700                Options.force_consistency_checks: 0
2018/08/03-21:48:20.871483 7f5913cfb700                Options.report_bg_io_stats: 0
2018/08/03-21:48:20.871503 7f5913cfb700 [db/column_family.cc:413] --------------- Options for column family [milestone]:
2018/08/03-21:48:20.871505 7f5913cfb700               Options.comparator: leveldb.BytewiseComparator
2018/08/03-21:48:20.871507 7f5913cfb700           Options.merge_operator: StringAppendOperator
2018/08/03-21:48:20.871508 7f5913cfb700        Options.compaction_filter: None
2018/08/03-21:48:20.871509 7f5913cfb700        Options.compaction_filter_factory: None
2018/08/03-21:48:20.871511 7f5913cfb700         Options.memtable_factory: SkipListFactory
2018/08/03-21:48:20.871512 7f5913cfb700            Options.table_factory: BlockBasedTable
2018/08/03-21:48:20.871563 7f5913cfb700            table_factory options:   flush_block_policy_factory: FlushBlockBySizePolicyFactory (0x7f590cc7e650)
  cache_index_and_filter_blocks: 0
  cache_index_and_filter_blocks_with_high_priority: 0
  pin_l0_filter_and_index_blocks_in_cache: 0
  index_type: 0
  hash_index_allow_collision: 1
  checksum: 1
  no_block_cache: 0
  block_cache: 0x7f590cc7e0d8
  block_cache_name: LRUCache
  block_cache_options:
    capacity : 32768
    num_shard_bits : 10
    strict_capacity_limit : 0
    high_pri_pool_ratio: 0.000
  block_cache_compressed: (nil)
  persistent_cache: (nil)
  block_size: 4096
  block_size_deviation: 10
  block_restart_interval: 16
  index_block_restart_interval: 1
  filter_policy: rocksdb.BuiltinBloomFilter
  whole_key_filtering: 1
  format_version: 0
2018/08/03-21:48:20.871571 7f5913cfb700        Options.write_buffer_size: 2097152
2018/08/03-21:48:20.871572 7f5913cfb700  Options.max_write_buffer_number: 2
2018/08/03-21:48:20.871574 7f5913cfb700          Options.compression: Snappy
2018/08/03-21:48:20.871575 7f5913cfb700                  Options.bottommost_compression: Disabled
2018/08/03-21:48:20.871576 7f5913cfb700       Options.prefix_extractor: nullptr
2018/08/03-21:48:20.871578 7f5913cfb700   Options.memtable_insert_with_hint_prefix_extractor: nullptr
2018/08/03-21:48:20.871579 7f5913cfb700             Options.num_levels: 7
2018/08/03-21:48:20.871580 7f5913cfb700        Options.min_write_buffer_number_to_merge: 1
2018/08/03-21:48:20.871581 7f5913cfb700     Options.max_write_buffer_number_to_maintain: 0
2018/08/03-21:48:20.871583 7f5913cfb700            Options.compression_opts.window_bits: -14
2018/08/03-21:48:20.871584 7f5913cfb700                  Options.compression_opts.level: -1
2018/08/03-21:48:20.871585 7f5913cfb700               Options.compression_opts.strategy: 0
2018/08/03-21:48:20.871586 7f5913cfb700         Options.compression_opts.max_dict_bytes: 0
2018/08/03-21:48:20.871587 7f5913cfb700      Options.level0_file_num_compaction_trigger: 4
2018/08/03-21:48:20.871589 7f5913cfb700          Options.level0_slowdown_writes_trigger: 20
2018/08/03-21:48:20.871590 7f5913cfb700              Options.level0_stop_writes_trigger: 36
2018/08/03-21:48:20.871591 7f5913cfb700                   Options.target_file_size_base: 67108864
2018/08/03-21:48:20.871592 7f5913cfb700             Options.target_file_size_multiplier: 1
2018/08/03-21:48:20.871593 7f5913cfb700                Options.max_bytes_for_level_base: 268435456
2018/08/03-21:48:20.871595 7f5913cfb700 Options.level_compaction_dynamic_level_bytes: 0
2018/08/03-21:48:20.871596 7f5913cfb700          Options.max_bytes_for_level_multiplier: 10.000000
2018/08/03-21:48:20.871598 7f5913cfb700 Options.max_bytes_for_level_multiplier_addtl[0]: 1
2018/08/03-21:48:20.871599 7f5913cfb700 Options.max_bytes_for_level_multiplier_addtl[1]: 1
2018/08/03-21:48:20.871600 7f5913cfb700 Options.max_bytes_for_level_multiplier_addtl[2]: 1
2018/08/03-21:48:20.871602 7f5913cfb700 Options.max_bytes_for_level_multiplier_addtl[3]: 1
2018/08/03-21:48:20.871603 7f5913cfb700 Options.max_bytes_for_level_multiplier_addtl[4]: 1
2018/08/03-21:48:20.871604 7f5913cfb700 Options.max_bytes_for_level_multiplier_addtl[5]: 1
2018/08/03-21:48:20.871605 7f5913cfb700 Options.max_bytes_for_level_multiplier_addtl[6]: 1
2018/08/03-21:48:20.871606 7f5913cfb700       Options.max_sequential_skip_in_iterations: 8
2018/08/03-21:48:20.871608 7f5913cfb700                    Options.max_compaction_bytes: 1677721600
2018/08/03-21:48:20.871609 7f5913cfb700                        Options.arena_block_size: 262144
2018/08/03-21:48:20.871610 7f5913cfb700   Options.soft_pending_compaction_bytes_limit: 68719476736
2018/08/03-21:48:20.871611 7f5913cfb700   Options.hard_pending_compaction_bytes_limit: 274877906944
2018/08/03-21:48:20.871613 7f5913cfb700       Options.rate_limit_delay_max_milliseconds: 100
2018/08/03-21:48:20.871614 7f5913cfb700                Options.disable_auto_compactions: 0
2018/08/03-21:48:20.871615 7f5913cfb700                        Options.compaction_style: kCompactionStyleLevel
2018/08/03-21:48:20.871617 7f5913cfb700                          Options.compaction_pri: kByCompensatedSize
2018/08/03-21:48:20.871618 7f5913cfb700 Options.compaction_options_universal.size_ratio: 1
2018/08/03-21:48:20.871619 7f5913cfb700 Options.compaction_options_universal.min_merge_width: 2
2018/08/03-21:48:20.871620 7f5913cfb700 Options.compaction_options_universal.max_merge_width: 4294967295
2018/08/03-21:48:20.871622 7f5913cfb700 Options.compaction_options_universal.max_size_amplification_percent: 200
2018/08/03-21:48:20.871623 7f5913cfb700 Options.compaction_options_universal.compression_size_percent: -1
2018/08/03-21:48:20.871624 7f5913cfb700 Options.compaction_options_universal.stop_style: kCompactionStopStyleTotalSize
2018/08/03-21:48:20.871625 7f5913cfb700 Options.compaction_options_fifo.max_table_files_size: 1073741824
2018/08/03-21:48:20.871631 7f5913cfb700 Options.compaction_options_fifo.allow_compaction: 0
2018/08/03-21:48:20.871632 7f5913cfb700 Options.compaction_options_fifo.ttl: 0
2018/08/03-21:48:20.871633 7f5913cfb700                   Options.table_properties_collectors: 
2018/08/03-21:48:20.871634 7f5913cfb700                   Options.inplace_update_support: 0
2018/08/03-21:48:20.871636 7f5913cfb700                 Options.inplace_update_num_locks: 10000
2018/08/03-21:48:20.871637 7f5913cfb700               Options.memtable_prefix_bloom_size_ratio: 0.000000
2018/08/03-21:48:20.871638 7f5913cfb700   Options.memtable_huge_page_size: 0
2018/08/03-21:48:20.871640 7f5913cfb700                           Options.bloom_locality: 0
2018/08/03-21:48:20.871641 7f5913cfb700                    Options.max_successive_merges: 0
2018/08/03-21:48:20.871642 7f5913cfb700                Options.optimize_filters_for_hits: 0
2018/08/03-21:48:20.871643 7f5913cfb700                Options.paranoid_file_checks: 0
2018/08/03-21:48:20.871645 7f5913cfb700                Options.force_consistency_checks: 0
2018/08/03-21:48:20.871647 7f5913cfb700                Options.report_bg_io_stats: 0
2018/08/03-21:48:20.871692 7f5913cfb700 [db/column_family.cc:413] --------------- Options for column family [stateDiff]:
2018/08/03-21:48:20.871694 7f5913cfb700               Options.comparator: leveldb.BytewiseComparator
2018/08/03-21:48:20.871695 7f5913cfb700           Options.merge_operator: StringAppendOperator
2018/08/03-21:48:20.871697 7f5913cfb700        Options.compaction_filter: None
2018/08/03-21:48:20.871698 7f5913cfb700        Options.compaction_filter_factory: None
2018/08/03-21:48:20.871699 7f5913cfb700         Options.memtable_factory: SkipListFactory
2018/08/03-21:48:20.871701 7f5913cfb700            Options.table_factory: BlockBasedTable
2018/08/03-21:48:20.871713 7f5913cfb700            table_factory options:   flush_block_policy_factory: FlushBlockBySizePolicyFactory (0x7f590cc7e650)
  cache_index_and_filter_blocks: 0
  cache_index_and_filter_blocks_with_high_priority: 0
  pin_l0_filter_and_index_blocks_in_cache: 0
  index_type: 0
  hash_index_allow_collision: 1
  checksum: 1
  no_block_cache: 0
  block_cache: 0x7f590cc7e0d8
  block_cache_name: LRUCache
  block_cache_options:
    capacity : 32768
    num_shard_bits : 10
    strict_capacity_limit : 0
    high_pri_pool_ratio: 0.000
  block_cache_compressed: (nil)
  persistent_cache: (nil)
  block_size: 4096
  block_size_deviation: 10
  block_restart_interval: 16
  index_block_restart_interval: 1
  filter_policy: rocksdb.BuiltinBloomFilter
  whole_key_filtering: 1
  format_version: 0
2018/08/03-21:48:20.871716 7f5913cfb700        Options.write_buffer_size: 2097152
2018/08/03-21:48:20.871717 7f5913cfb700  Options.max_write_buffer_number: 2
2018/08/03-21:48:20.871719 7f5913cfb700          Options.compression: Snappy
2018/08/03-21:48:20.871720 7f5913cfb700                  Options.bottommost_compression: Disabled
2018/08/03-21:48:20.871721 7f5913cfb700       Options.prefix_extractor: nullptr
2018/08/03-21:48:20.871723 7f5913cfb700   Options.memtable_insert_with_hint_prefix_extractor: nullptr
2018/08/03-21:48:20.871724 7f5913cfb700             Options.num_levels: 7
2018/08/03-21:48:20.871725 7f5913cfb700        Options.min_write_buffer_number_to_merge: 1
2018/08/03-21:48:20.871727 7f5913cfb700     Options.max_write_buffer_number_to_maintain: 0
2018/08/03-21:48:20.871728 7f5913cfb700            Options.compression_opts.window_bits: -14
2018/08/03-21:48:20.871729 7f5913cfb700                  Options.compression_opts.level: -1
2018/08/03-21:48:20.871730 7f5913cfb700               Options.compression_opts.strategy: 0
2018/08/03-21:48:20.871732 7f5913cfb700         Options.compression_opts.max_dict_bytes: 0
2018/08/03-21:48:20.871733 7f5913cfb700      Options.level0_file_num_compaction_trigger: 4
2018/08/03-21:48:20.871734 7f5913cfb700          Options.level0_slowdown_writes_trigger: 20
2018/08/03-21:48:20.871735 7f5913cfb700              Options.level0_stop_writes_trigger: 36
2018/08/03-21:48:20.871743 7f5913cfb700                   Options.target_file_size_base: 67108864
2018/08/03-21:48:20.871744 7f5913cfb700             Options.target_file_size_multiplier: 1
2018/08/03-21:48:20.871745 7f5913cfb700                Options.max_bytes_for_level_base: 268435456
2018/08/03-21:48:20.871747 7f5913cfb700 Options.level_compaction_dynamic_level_bytes: 0
2018/08/03-21:48:20.871748 7f5913cfb700          Options.max_bytes_for_level_multiplier: 10.000000
2018/08/03-21:48:20.871750 7f5913cfb700 Options.max_bytes_for_level_multiplier_addtl[0]: 1
2018/08/03-21:48:20.871751 7f5913cfb700 Options.max_bytes_for_level_multiplier_addtl[1]: 1
2018/08/03-21:48:20.871753 7f5913cfb700 Options.max_bytes_for_level_multiplier_addtl[2]: 1
2018/08/03-21:48:20.871754 7f5913cfb700 Options.max_bytes_for_level_multiplier_addtl[3]: 1
2018/08/03-21:48:20.871755 7f5913cfb700 Options.max_bytes_for_level_multiplier_addtl[4]: 1
2018/08/03-21:48:20.871756 7f5913cfb700 Options.max_bytes_for_level_multiplier_addtl[5]: 1
2018/08/03-21:48:20.871758 7f5913cfb700 Options.max_bytes_for_level_multiplier_addtl[6]: 1
2018/08/03-21:48:20.871759 7f5913cfb700       Options.max_sequential_skip_in_iterations: 8
2018/08/03-21:48:20.871760 7f5913cfb700                    Options.max_compaction_bytes: 1677721600
2018/08/03-21:48:20.871762 7f5913cfb700                        Options.arena_block_size: 262144
2018/08/03-21:48:20.871763 7f5913cfb700   Options.soft_pending_compaction_bytes_limit: 68719476736
2018/08/03-21:48:20.871764 7f5913cfb700   Options.hard_pending_compaction_bytes_limit: 274877906944
2018/08/03-21:48:20.871766 7f5913cfb700       Options.rate_limit_delay_max_milliseconds: 100
2018/08/03-21:48:20.871767 7f5913cfb700                Options.disable_auto_compactions: 0
2018/08/03-21:48:20.871768 7f5913cfb700                        Options.compaction_style: kCompactionStyleLevel
2018/08/03-21:48:20.871770 7f5913cfb700                          Options.compaction_pri: kByCompensatedSize
2018/08/03-21:48:20.871771 7f5913cfb700 Options.compaction_options_universal.size_ratio: 1
2018/08/03-21:48:20.871772 7f5913cfb700 Options.compaction_options_universal.min_merge_width: 2
2018/08/03-21:48:20.871774 7f5913cfb700 Options.compaction_options_universal.max_merge_width: 4294967295
2018/08/03-21:48:20.871775 7f5913cfb700 Options.compaction_options_universal.max_size_amplification_percent: 200
2018/08/03-21:48:20.871776 7f5913cfb700 Options.compaction_options_universal.compression_size_percent: -1
2018/08/03-21:48:20.871778 7f5913cfb700 Options.compaction_options_universal.stop_style: kCompactionStopStyleTotalSize
2018/08/03-21:48:20.871779 7f5913cfb700 Options.compaction_options_fifo.max_table_files_size: 1073741824
2018/08/03-21:48:20.871780 7f5913cfb700 Options.compaction_options_fifo.allow_compaction: 0
2018/08/03-21:48:20.871782 7f5913cfb700 Options.compaction_options_fifo.ttl: 0
2018/08/03-21:48:20.871783 7f5913cfb700                   Options.table_properties_collectors: 
