2018/05/06-13:38:36.902097 7f649e9dc700 RocksDB version: 5.7.3
2018/05/06-13:38:36.902134 7f649e9dc700 Git sha rocksdb_build_git_sha:
2018/05/06-13:38:36.902136 7f649e9dc700 Compile date Sep  1 2017
2018/05/06-13:38:36.902143 7f649e9dc700 DB SUMMARY
2018/05/06-13:38:36.902198 7f649e9dc700 CURRENT file:  CURRENT
2018/05/06-13:38:36.902200 7f649e9dc700 IDENTITY file:  IDENTITY
2018/05/06-13:38:36.902203 7f649e9dc700 MANIFEST file:  MANIFEST-000143 size: 3509 Bytes
2018/05/06-13:38:36.902206 7f649e9dc700 SST files in testnetdb dir, Total Num: 23, files: 000050.sst 000051.sst 000069.sst 000077.sst 000078.sst 000079.sst 000080.sst 000081.sst 000082.sst 
2018/05/06-13:38:36.902209 7f649e9dc700 Write Ahead Log file in testnetdb: 000144.log size: 0 ; 
2018/05/06-13:38:36.902213 7f649e9dc700                         Options.error_if_exists: 0
2018/05/06-13:38:36.902214 7f649e9dc700                       Options.create_if_missing: 1
2018/05/06-13:38:36.902215 7f649e9dc700                         Options.paranoid_checks: 1
2018/05/06-13:38:36.902217 7f649e9dc700                                     Options.env: 0x7f647dca1880
2018/05/06-13:38:36.902218 7f649e9dc700                                Options.info_log: 0x7f6498ab5690
2018/05/06-13:38:36.902220 7f649e9dc700                Options.max_file_opening_threads: 16
2018/05/06-13:38:36.902221 7f649e9dc700                               Options.use_fsync: 0
2018/05/06-13:38:36.902222 7f649e9dc700                       Options.max_log_file_size: 1048576
2018/05/06-13:38:36.902224 7f649e9dc700                  Options.max_manifest_file_size: 1048576
2018/05/06-13:38:36.902225 7f649e9dc700                   Options.log_file_time_to_roll: 0
2018/05/06-13:38:36.902226 7f649e9dc700                       Options.keep_log_file_num: 1000
2018/05/06-13:38:36.902229 7f649e9dc700                    Options.recycle_log_file_num: 0
2018/05/06-13:38:36.902230 7f649e9dc700                         Options.allow_fallocate: 1
2018/05/06-13:38:36.902231 7f649e9dc700                        Options.allow_mmap_reads: 0
2018/05/06-13:38:36.902232 7f649e9dc700                       Options.allow_mmap_writes: 0
2018/05/06-13:38:36.902233 7f649e9dc700                        Options.use_direct_reads: 0
2018/05/06-13:38:36.902235 7f649e9dc700                        Options.use_direct_io_for_flush_and_compaction: 0
2018/05/06-13:38:36.902236 7f649e9dc700          Options.create_missing_column_families: 1
2018/05/06-13:38:36.902237 7f649e9dc700                              Options.db_log_dir: testnetdb.log
2018/05/06-13:38:36.902238 7f649e9dc700                                 Options.wal_dir: testnetdb
2018/05/06-13:38:36.902239 7f649e9dc700                Options.table_cache_numshardbits: 6
2018/05/06-13:38:36.902241 7f649e9dc700                      Options.max_subcompactions: 4
2018/05/06-13:38:36.902242 7f649e9dc700                  Options.max_background_flushes: -1
2018/05/06-13:38:36.902243 7f649e9dc700                         Options.WAL_ttl_seconds: 0
2018/05/06-13:38:36.902244 7f649e9dc700                       Options.WAL_size_limit_MB: 0
2018/05/06-13:38:36.902245 7f649e9dc700             Options.manifest_preallocation_size: 4194304
2018/05/06-13:38:36.902247 7f649e9dc700                     Options.is_fd_close_on_exec: 1
2018/05/06-13:38:36.902248 7f649e9dc700                   Options.advise_random_on_open: 1
2018/05/06-13:38:36.902249 7f649e9dc700                    Options.db_write_buffer_size: 0
2018/05/06-13:38:36.902250 7f649e9dc700         Options.access_hint_on_compaction_start: 1
2018/05/06-13:38:36.902251 7f649e9dc700  Options.new_table_reader_for_compaction_inputs: 0
2018/05/06-13:38:36.902252 7f649e9dc700               Options.compaction_readahead_size: 0
2018/05/06-13:38:36.902253 7f649e9dc700           Options.random_access_max_buffer_size: 1048576
2018/05/06-13:38:36.902255 7f649e9dc700           Options.writable_file_max_buffer_size: 1048576
2018/05/06-13:38:36.902256 7f649e9dc700                      Options.use_adaptive_mutex: 0
2018/05/06-13:38:36.902257 7f649e9dc700                            Options.rate_limiter: (nil)
2018/05/06-13:38:36.902259 7f649e9dc700     Options.sst_file_manager.rate_bytes_per_sec: 0
2018/05/06-13:38:36.902268 7f649e9dc700                          Options.bytes_per_sync: 0
2018/05/06-13:38:36.902269 7f649e9dc700                      Options.wal_bytes_per_sync: 0
2018/05/06-13:38:36.902270 7f649e9dc700                       Options.wal_recovery_mode: 2
2018/05/06-13:38:36.902271 7f649e9dc700                  Options.enable_thread_tracking: 0
2018/05/06-13:38:36.902272 7f649e9dc700                  Options.enable_pipelined_write: 0
2018/05/06-13:38:36.902274 7f649e9dc700         Options.allow_concurrent_memtable_write: 1
2018/05/06-13:38:36.902276 7f649e9dc700      Options.enable_write_thread_adaptive_yield: 1
2018/05/06-13:38:36.902277 7f649e9dc700             Options.write_thread_max_yield_usec: 100
2018/05/06-13:38:36.902278 7f649e9dc700            Options.write_thread_slow_yield_usec: 3
2018/05/06-13:38:36.902279 7f649e9dc700                               Options.row_cache: None
2018/05/06-13:38:36.902281 7f649e9dc700                              Options.wal_filter: None
2018/05/06-13:38:36.902282 7f649e9dc700             Options.avoid_flush_during_recovery: 0
2018/05/06-13:38:36.902283 7f649e9dc700             Options.allow_ingest_behind: 0
2018/05/06-13:38:36.902284 7f649e9dc700             Options.concurrent_prepare: 0
2018/05/06-13:38:36.902285 7f649e9dc700             Options.manual_wal_flush: 0
2018/05/06-13:38:36.902288 7f649e9dc700             Options.max_background_jobs: 2
2018/05/06-13:38:36.902289 7f649e9dc700             Options.max_background_compactions: 1
2018/05/06-13:38:36.902290 7f649e9dc700             Options.avoid_flush_during_shutdown: 0
2018/05/06-13:38:36.902291 7f649e9dc700             Options.delayed_write_rate : 16777216
2018/05/06-13:38:36.902293 7f649e9dc700             Options.max_total_wal_size: 0
2018/05/06-13:38:36.902294 7f649e9dc700             Options.delete_obsolete_files_period_micros: 21600000000
2018/05/06-13:38:36.902295 7f649e9dc700                   Options.stats_dump_period_sec: 600
2018/05/06-13:38:36.902296 7f649e9dc700                          Options.max_open_files: 10000
2018/05/06-13:38:36.902298 7f649e9dc700 Compression algorithms supported:
2018/05/06-13:38:36.902299 7f649e9dc700 	Snappy supported: 1
2018/05/06-13:38:36.902300 7f649e9dc700 	Zlib supported: 1
2018/05/06-13:38:36.902301 7f649e9dc700 	Bzip supported: 1
2018/05/06-13:38:36.902303 7f649e9dc700 	LZ4 supported: 1
2018/05/06-13:38:36.902308 7f649e9dc700 	ZSTD supported: 1
2018/05/06-13:38:36.902310 7f649e9dc700 Fast CRC32 supported: 0
2018/05/06-13:38:36.902432 7f649e9dc700 [db/version_set.cc:2712] Recovering from manifest file: MANIFEST-000143
2018/05/06-13:38:36.902485 7f649e9dc700 [db/column_family.cc:413] --------------- Options for column family [default]:
2018/05/06-13:38:36.902488 7f649e9dc700               Options.comparator: leveldb.BytewiseComparator
2018/05/06-13:38:36.902490 7f649e9dc700           Options.merge_operator: StringAppendOperator
2018/05/06-13:38:36.902492 7f649e9dc700        Options.compaction_filter: None
2018/05/06-13:38:36.902493 7f649e9dc700        Options.compaction_filter_factory: None
2018/05/06-13:38:36.902494 7f649e9dc700         Options.memtable_factory: SkipListFactory
2018/05/06-13:38:36.902496 7f649e9dc700            Options.table_factory: BlockBasedTable
2018/05/06-13:38:36.902521 7f649e9dc700            table_factory options:   flush_block_policy_factory: FlushBlockBySizePolicyFactory (0x7f6498a61ef0)
  cache_index_and_filter_blocks: 0
  cache_index_and_filter_blocks_with_high_priority: 0
  pin_l0_filter_and_index_blocks_in_cache: 0
  index_type: 0
  hash_index_allow_collision: 1
  checksum: 1
  no_block_cache: 0
  block_cache: 0x7f6498a62448
  block_cache_name: LRUCache
  block_cache_options:
    capacity : 32768
    num_shard_bits : 10
    strict_capacity_limit : 0
    high_pri_pool_ratio: 0.000
  block_cache_compressed: (nil)
  persistent_cache: (nil)
  block_size: 4096
  block_size_deviation: 10
  block_restart_interval: 16
  index_block_restart_interval: 1
  filter_policy: rocksdb.BuiltinBloomFilter
  whole_key_filtering: 1
  format_version: 0
2018/05/06-13:38:36.902532 7f649e9dc700        Options.write_buffer_size: 2097152
2018/05/06-13:38:36.902534 7f649e9dc700  Options.max_write_buffer_number: 2
2018/05/06-13:38:36.902536 7f649e9dc700          Options.compression: Snappy
2018/05/06-13:38:36.902537 7f649e9dc700                  Options.bottommost_compression: Disabled
2018/05/06-13:38:36.902538 7f649e9dc700       Options.prefix_extractor: nullptr
2018/05/06-13:38:36.902540 7f649e9dc700   Options.memtable_insert_with_hint_prefix_extractor: nullptr
2018/05/06-13:38:36.902541 7f649e9dc700             Options.num_levels: 7
2018/05/06-13:38:36.902542 7f649e9dc700        Options.min_write_buffer_number_to_merge: 1
2018/05/06-13:38:36.902543 7f649e9dc700     Options.max_write_buffer_number_to_maintain: 0
2018/05/06-13:38:36.902545 7f649e9dc700            Options.compression_opts.window_bits: -14
2018/05/06-13:38:36.902546 7f649e9dc700                  Options.compression_opts.level: -1
2018/05/06-13:38:36.902547 7f649e9dc700               Options.compression_opts.strategy: 0
2018/05/06-13:38:36.902548 7f649e9dc700         Options.compression_opts.max_dict_bytes: 0
2018/05/06-13:38:36.902550 7f649e9dc700      Options.level0_file_num_compaction_trigger: 4
2018/05/06-13:38:36.902551 7f649e9dc700          Options.level0_slowdown_writes_trigger: 20
2018/05/06-13:38:36.902552 7f649e9dc700              Options.level0_stop_writes_trigger: 36
2018/05/06-13:38:36.902554 7f649e9dc700                   Options.target_file_size_base: 67108864
2018/05/06-13:38:36.902555 7f649e9dc700             Options.target_file_size_multiplier: 1
2018/05/06-13:38:36.902556 7f649e9dc700                Options.max_bytes_for_level_base: 268435456
2018/05/06-13:38:36.902558 7f649e9dc700 Options.level_compaction_dynamic_level_bytes: 0
2018/05/06-13:38:36.902561 7f649e9dc700          Options.max_bytes_for_level_multiplier: 10.000000
2018/05/06-13:38:36.902562 7f649e9dc700 Options.max_bytes_for_level_multiplier_addtl[0]: 1
2018/05/06-13:38:36.902564 7f649e9dc700 Options.max_bytes_for_level_multiplier_addtl[1]: 1
2018/05/06-13:38:36.902565 7f649e9dc700 Options.max_bytes_for_level_multiplier_addtl[2]: 1
2018/05/06-13:38:36.902566 7f649e9dc700 Options.max_bytes_for_level_multiplier_addtl[3]: 1
2018/05/06-13:38:36.902567 7f649e9dc700 Options.max_bytes_for_level_multiplier_addtl[4]: 1
2018/05/06-13:38:36.902568 7f649e9dc700 Options.max_bytes_for_level_multiplier_addtl[5]: 1
2018/05/06-13:38:36.902570 7f649e9dc700 Options.max_bytes_for_level_multiplier_addtl[6]: 1
2018/05/06-13:38:36.902571 7f649e9dc700       Options.max_sequential_skip_in_iterations: 8
2018/05/06-13:38:36.902572 7f649e9dc700                    Options.max_compaction_bytes: 1677721600
2018/05/06-13:38:36.902573 7f649e9dc700                        Options.arena_block_size: 262144
2018/05/06-13:38:36.902575 7f649e9dc700   Options.soft_pending_compaction_bytes_limit: 68719476736
2018/05/06-13:38:36.902576 7f649e9dc700   Options.hard_pending_compaction_bytes_limit: 274877906944
2018/05/06-13:38:36.902577 7f649e9dc700       Options.rate_limit_delay_max_milliseconds: 100
2018/05/06-13:38:36.902578 7f649e9dc700                Options.disable_auto_compactions: 0
2018/05/06-13:38:36.902580 7f649e9dc700                        Options.compaction_style: kCompactionStyleLevel
2018/05/06-13:38:36.902582 7f649e9dc700                          Options.compaction_pri: kByCompensatedSize
2018/05/06-13:38:36.902583 7f649e9dc700 Options.compaction_options_universal.size_ratio: 1
2018/05/06-13:38:36.902584 7f649e9dc700 Options.compaction_options_universal.min_merge_width: 2
2018/05/06-13:38:36.902585 7f649e9dc700 Options.compaction_options_universal.max_merge_width: 4294967295
2018/05/06-13:38:36.902587 7f649e9dc700 Options.compaction_options_universal.max_size_amplification_percent: 200
2018/05/06-13:38:36.902588 7f649e9dc700 Options.compaction_options_universal.compression_size_percent: -1
2018/05/06-13:38:36.902589 7f649e9dc700 Options.compaction_options_universal.stop_style: kCompactionStopStyleTotalSize
2018/05/06-13:38:36.902595 7f649e9dc700 Options.compaction_options_fifo.max_table_files_size: 1073741824
2018/05/06-13:38:36.902597 7f649e9dc700 Options.compaction_options_fifo.allow_compaction: 0
2018/05/06-13:38:36.902598 7f649e9dc700 Options.compaction_options_fifo.ttl: 0
2018/05/06-13:38:36.902599 7f649e9dc700                   Options.table_properties_collectors: 
2018/05/06-13:38:36.902600 7f649e9dc700                   Options.inplace_update_support: 0
2018/05/06-13:38:36.902602 7f649e9dc700                 Options.inplace_update_num_locks: 10000
2018/05/06-13:38:36.902604 7f649e9dc700               Options.memtable_prefix_bloom_size_ratio: 0.000000
2018/05/06-13:38:36.902606 7f649e9dc700   Options.memtable_huge_page_size: 0
2018/05/06-13:38:36.902607 7f649e9dc700                           Options.bloom_locality: 0
2018/05/06-13:38:36.902608 7f649e9dc700                    Options.max_successive_merges: 0
2018/05/06-13:38:36.902609 7f649e9dc700                Options.optimize_filters_for_hits: 0
2018/05/06-13:38:36.902611 7f649e9dc700                Options.paranoid_file_checks: 0
2018/05/06-13:38:36.902612 7f649e9dc700                Options.force_consistency_checks: 0
2018/05/06-13:38:36.902613 7f649e9dc700                Options.report_bg_io_stats: 0
2018/05/06-13:38:36.902674 7f649e9dc700 [db/column_family.cc:413] --------------- Options for column family [transaction]:
2018/05/06-13:38:36.902676 7f649e9dc700               Options.comparator: leveldb.BytewiseComparator
2018/05/06-13:38:36.902677 7f649e9dc700           Options.merge_operator: StringAppendOperator
2018/05/06-13:38:36.902679 7f649e9dc700        Options.compaction_filter: None
2018/05/06-13:38:36.902680 7f649e9dc700        Options.compaction_filter_factory: None
2018/05/06-13:38:36.902681 7f649e9dc700         Options.memtable_factory: SkipListFactory
2018/05/06-13:38:36.902683 7f649e9dc700            Options.table_factory: BlockBasedTable
2018/05/06-13:38:36.902698 7f649e9dc700            table_factory options:   flush_block_policy_factory: FlushBlockBySizePolicyFactory (0x7f6498a61ef0)
  cache_index_and_filter_blocks: 0
  cache_index_and_filter_blocks_with_high_priority: 0
  pin_l0_filter_and_index_blocks_in_cache: 0
  index_type: 0
  hash_index_allow_collision: 1
  checksum: 1
  no_block_cache: 0
  block_cache: 0x7f6498a62448
  block_cache_name: LRUCache
  block_cache_options:
    capacity : 32768
    num_shard_bits : 10
    strict_capacity_limit : 0
    high_pri_pool_ratio: 0.000
  block_cache_compressed: (nil)
  persistent_cache: (nil)
  block_size: 4096
  block_size_deviation: 10
  block_restart_interval: 16
  index_block_restart_interval: 1
  filter_policy: rocksdb.BuiltinBloomFilter
  whole_key_filtering: 1
  format_version: 0
2018/05/06-13:38:36.902700 7f649e9dc700        Options.write_buffer_size: 2097152
2018/05/06-13:38:36.902701 7f649e9dc700  Options.max_write_buffer_number: 2
2018/05/06-13:38:36.902703 7f649e9dc700          Options.compression: Snappy
2018/05/06-13:38:36.902704 7f649e9dc700                  Options.bottommost_compression: Disabled
2018/05/06-13:38:36.902705 7f649e9dc700       Options.prefix_extractor: nullptr
2018/05/06-13:38:36.902707 7f649e9dc700   Options.memtable_insert_with_hint_prefix_extractor: nullptr
2018/05/06-13:38:36.902708 7f649e9dc700             Options.num_levels: 7
2018/05/06-13:38:36.902709 7f649e9dc700        Options.min_write_buffer_number_to_merge: 1
2018/05/06-13:38:36.902710 7f649e9dc700     Options.max_write_buffer_number_to_maintain: 0
2018/05/06-13:38:36.902712 7f649e9dc700            Options.compression_opts.window_bits: -14
2018/05/06-13:38:36.902713 7f649e9dc700                  Options.compression_opts.level: -1
2018/05/06-13:38:36.902714 7f649e9dc700               Options.compression_opts.strategy: 0
2018/05/06-13:38:36.902715 7f649e9dc700         Options.compression_opts.max_dict_bytes: 0
2018/05/06-13:38:36.902716 7f649e9dc700      Options.level0_file_num_compaction_trigger: 4
2018/05/06-13:38:36.902718 7f649e9dc700          Options.level0_slowdown_writes_trigger: 20
2018/05/06-13:38:36.902719 7f649e9dc700              Options.level0_stop_writes_trigger: 36
2018/05/06-13:38:36.902726 7f649e9dc700                   Options.target_file_size_base: 67108864
2018/05/06-13:38:36.902727 7f649e9dc700             Options.target_file_size_multiplier: 1
2018/05/06-13:38:36.902728 7f649e9dc700                Options.max_bytes_for_level_base: 268435456
2018/05/06-13:38:36.902730 7f649e9dc700 Options.level_compaction_dynamic_level_bytes: 0
2018/05/06-13:38:36.902732 7f649e9dc700          Options.max_bytes_for_level_multiplier: 10.000000
2018/05/06-13:38:36.902734 7f649e9dc700 Options.max_bytes_for_level_multiplier_addtl[0]: 1
2018/05/06-13:38:36.902735 7f649e9dc700 Options.max_bytes_for_level_multiplier_addtl[1]: 1
2018/05/06-13:38:36.902736 7f649e9dc700 Options.max_bytes_for_level_multiplier_addtl[2]: 1
2018/05/06-13:38:36.902738 7f649e9dc700 Options.max_bytes_for_level_multiplier_addtl[3]: 1
2018/05/06-13:38:36.902739 7f649e9dc700 Options.max_bytes_for_level_multiplier_addtl[4]: 1
2018/05/06-13:38:36.902740 7f649e9dc700 Options.max_bytes_for_level_multiplier_addtl[5]: 1
2018/05/06-13:38:36.902741 7f649e9dc700 Options.max_bytes_for_level_multiplier_addtl[6]: 1
2018/05/06-13:38:36.902743 7f649e9dc700       Options.max_sequential_skip_in_iterations: 8
2018/05/06-13:38:36.902744 7f649e9dc700                    Options.max_compaction_bytes: 1677721600
2018/05/06-13:38:36.902745 7f649e9dc700                        Options.arena_block_size: 262144
2018/05/06-13:38:36.902747 7f649e9dc700   Options.soft_pending_compaction_bytes_limit: 68719476736
2018/05/06-13:38:36.902748 7f649e9dc700   Options.hard_pending_compaction_bytes_limit: 274877906944
2018/05/06-13:38:36.902749 7f649e9dc700       Options.rate_limit_delay_max_milliseconds: 100
2018/05/06-13:38:36.902750 7f649e9dc700                Options.disable_auto_compactions: 0
2018/05/06-13:38:36.902752 7f649e9dc700                        Options.compaction_style: kCompactionStyleLevel
2018/05/06-13:38:36.902753 7f649e9dc700                          Options.compaction_pri: kByCompensatedSize
2018/05/06-13:38:36.902755 7f649e9dc700 Options.compaction_options_universal.size_ratio: 1
2018/05/06-13:38:36.902756 7f649e9dc700 Options.compaction_options_universal.min_merge_width: 2
2018/05/06-13:38:36.902757 7f649e9dc700 Options.compaction_options_universal.max_merge_width: 4294967295
2018/05/06-13:38:36.902758 7f649e9dc700 Options.compaction_options_universal.max_size_amplification_percent: 200
2018/05/06-13:38:36.902760 7f649e9dc700 Options.compaction_options_universal.compression_size_percent: -1
2018/05/06-13:38:36.902761 7f649e9dc700 Options.compaction_options_universal.stop_style: kCompactionStopStyleTotalSize
2018/05/06-13:38:36.902762 7f649e9dc700 Options.compaction_options_fifo.max_table_files_size: 1073741824
2018/05/06-13:38:36.902764 7f649e9dc700 Options.compaction_options_fifo.allow_compaction: 0
2018/05/06-13:38:36.902765 7f649e9dc700 Options.compaction_options_fifo.ttl: 0
2018/05/06-13:38:36.902766 7f649e9dc700                   Options.table_properties_collectors: 
2018/05/06-13:38:36.902767 7f649e9dc700                   Options.inplace_update_support: 0
2018/05/06-13:38:36.902769 7f649e9dc700                 Options.inplace_update_num_locks: 10000
2018/05/06-13:38:36.902770 7f649e9dc700               Options.memtable_prefix_bloom_size_ratio: 0.000000
2018/05/06-13:38:36.902773 7f649e9dc700   Options.memtable_huge_page_size: 0
2018/05/06-13:38:36.902774 7f649e9dc700                           Options.bloom_locality: 0
2018/05/06-13:38:36.902775 7f649e9dc700                    Options.max_successive_merges: 0
2018/05/06-13:38:36.902776 7f649e9dc700                Options.optimize_filters_for_hits: 0
2018/05/06-13:38:36.902777 7f649e9dc700                Options.paranoid_file_checks: 0
2018/05/06-13:38:36.902779 7f649e9dc700                Options.force_consistency_checks: 0
2018/05/06-13:38:36.902780 7f649e9dc700                Options.report_bg_io_stats: 0
2018/05/06-13:38:36.902809 7f649e9dc700 [db/column_family.cc:413] --------------- Options for column family [transaction-metadata]:
2018/05/06-13:38:36.902816 7f649e9dc700               Options.comparator: leveldb.BytewiseComparator
2018/05/06-13:38:36.902817 7f649e9dc700           Options.merge_operator: StringAppendOperator
2018/05/06-13:38:36.902819 7f649e9dc700        Options.compaction_filter: None
2018/05/06-13:38:36.902820 7f649e9dc700        Options.compaction_filter_factory: None
2018/05/06-13:38:36.902822 7f649e9dc700         Options.memtable_factory: SkipListFactory
2018/05/06-13:38:36.902823 7f649e9dc700            Options.table_factory: BlockBasedTable
2018/05/06-13:38:36.902838 7f649e9dc700            table_factory options:   flush_block_policy_factory: FlushBlockBySizePolicyFactory (0x7f6498a61ef0)
  cache_index_and_filter_blocks: 0
  cache_index_and_filter_blocks_with_high_priority: 0
  pin_l0_filter_and_index_blocks_in_cache: 0
  index_type: 0
  hash_index_allow_collision: 1
  checksum: 1
  no_block_cache: 0
  block_cache: 0x7f6498a62448
  block_cache_name: LRUCache
  block_cache_options:
    capacity : 32768
    num_shard_bits : 10
    strict_capacity_limit : 0
    high_pri_pool_ratio: 0.000
  block_cache_compressed: (nil)
  persistent_cache: (nil)
  block_size: 4096
  block_size_deviation: 10
  block_restart_interval: 16
  index_block_restart_interval: 1
  filter_policy: rocksdb.BuiltinBloomFilter
  whole_key_filtering: 1
  format_version: 0
2018/05/06-13:38:36.902840 7f649e9dc700        Options.write_buffer_size: 2097152
2018/05/06-13:38:36.902841 7f649e9dc700  Options.max_write_buffer_number: 2
2018/05/06-13:38:36.902843 7f649e9dc700          Options.compression: Snappy
2018/05/06-13:38:36.902844 7f649e9dc700                  Options.bottommost_compression: Disabled
2018/05/06-13:38:36.902845 7f649e9dc700       Options.prefix_extractor: nullptr
2018/05/06-13:38:36.902847 7f649e9dc700   Options.memtable_insert_with_hint_prefix_extractor: nullptr
2018/05/06-13:38:36.902849 7f649e9dc700             Options.num_levels: 7
2018/05/06-13:38:36.902850 7f649e9dc700        Options.min_write_buffer_number_to_merge: 1
2018/05/06-13:38:36.902851 7f649e9dc700     Options.max_write_buffer_number_to_maintain: 0
2018/05/06-13:38:36.902853 7f649e9dc700            Options.compression_opts.window_bits: -14
2018/05/06-13:38:36.902854 7f649e9dc700                  Options.compression_opts.level: -1
2018/05/06-13:38:36.902855 7f649e9dc700               Options.compression_opts.strategy: 0
2018/05/06-13:38:36.902856 7f649e9dc700         Options.compression_opts.max_dict_bytes: 0
2018/05/06-13:38:36.902857 7f649e9dc700      Options.level0_file_num_compaction_trigger: 4
2018/05/06-13:38:36.902859 7f649e9dc700          Options.level0_slowdown_writes_trigger: 20
2018/05/06-13:38:36.902860 7f649e9dc700              Options.level0_stop_writes_trigger: 36
2018/05/06-13:38:36.902861 7f649e9dc700                   Options.target_file_size_base: 67108864
2018/05/06-13:38:36.902862 7f649e9dc700             Options.target_file_size_multiplier: 1
2018/05/06-13:38:36.902864 7f649e9dc700                Options.max_bytes_for_level_base: 268435456
2018/05/06-13:38:36.902865 7f649e9dc700 Options.level_compaction_dynamic_level_bytes: 0
2018/05/06-13:38:36.902867 7f649e9dc700          Options.max_bytes_for_level_multiplier: 10.000000
2018/05/06-13:38:36.902868 7f649e9dc700 Options.max_bytes_for_level_multiplier_addtl[0]: 1
2018/05/06-13:38:36.902869 7f649e9dc700 Options.max_bytes_for_level_multiplier_addtl[1]: 1
2018/05/06-13:38:36.902871 7f649e9dc700 Options.max_bytes_for_level_multiplier_addtl[2]: 1
2018/05/06-13:38:36.902872 7f649e9dc700 Options.max_bytes_for_level_multiplier_addtl[3]: 1
2018/05/06-13:38:36.902873 7f649e9dc700 Options.max_bytes_for_level_multiplier_addtl[4]: 1
2018/05/06-13:38:36.902874 7f649e9dc700 Options.max_bytes_for_level_multiplier_addtl[5]: 1
2018/05/06-13:38:36.902876 7f649e9dc700 Options.max_bytes_for_level_multiplier_addtl[6]: 1
2018/05/06-13:38:36.902877 7f649e9dc700       Options.max_sequential_skip_in_iterations: 8
2018/05/06-13:38:36.902878 7f649e9dc700                    Options.max_compaction_bytes: 1677721600
2018/05/06-13:38:36.902883 7f649e9dc700                        Options.arena_block_size: 262144
2018/05/06-13:38:36.902885 7f649e9dc700   Options.soft_pending_compaction_bytes_limit: 68719476736
2018/05/06-13:38:36.902886 7f649e9dc700   Options.hard_pending_compaction_bytes_limit: 274877906944
2018/05/06-13:38:36.902887 7f649e9dc700       Options.rate_limit_delay_max_milliseconds: 100
2018/05/06-13:38:36.902889 7f649e9dc700                Options.disable_auto_compactions: 0
2018/05/06-13:38:36.902890 7f649e9dc700                        Options.compaction_style: kCompactionStyleLevel
2018/05/06-13:38:36.902891 7f649e9dc700                          Options.compaction_pri: kByCompensatedSize
2018/05/06-13:38:36.902893 7f649e9dc700 Options.compaction_options_universal.size_ratio: 1
2018/05/06-13:38:36.902894 7f649e9dc700 Options.compaction_options_universal.min_merge_width: 2
2018/05/06-13:38:36.902895 7f649e9dc700 Options.compaction_options_universal.max_merge_width: 4294967295
2018/05/06-13:38:36.902896 7f649e9dc700 Options.compaction_options_universal.max_size_amplification_percent: 200
2018/05/06-13:38:36.902898 7f649e9dc700 Options.compaction_options_universal.compression_size_percent: -1
2018/05/06-13:38:36.902899 7f649e9dc700 Options.compaction_options_universal.stop_style: kCompactionStopStyleTotalSize
2018/05/06-13:38:36.902900 7f649e9dc700 Options.compaction_options_fifo.max_table_files_size: 1073741824
2018/05/06-13:38:36.902902 7f649e9dc700 Options.compaction_options_fifo.allow_compaction: 0
2018/05/06-13:38:36.902903 7f649e9dc700 Options.compaction_options_fifo.ttl: 0
2018/05/06-13:38:36.902904 7f649e9dc700                   Options.table_properties_collectors: 
2018/05/06-13:38:36.902905 7f649e9dc700                   Options.inplace_update_support: 0
2018/05/06-13:38:36.902907 7f649e9dc700                 Options.inplace_update_num_locks: 10000
2018/05/06-13:38:36.902908 7f649e9dc700               Options.memtable_prefix_bloom_size_ratio: 0.000000
2018/05/06-13:38:36.902910 7f649e9dc700   Options.memtable_huge_page_size: 0
2018/05/06-13:38:36.902911 7f649e9dc700                           Options.bloom_locality: 0
2018/05/06-13:38:36.902912 7f649e9dc700                    Options.max_successive_merges: 0
2018/05/06-13:38:36.902913 7f649e9dc700                Options.optimize_filters_for_hits: 0
2018/05/06-13:38:36.902915 7f649e9dc700                Options.paranoid_file_checks: 0
2018/05/06-13:38:36.902916 7f649e9dc700                Options.force_consistency_checks: 0
2018/05/06-13:38:36.902917 7f649e9dc700                Options.report_bg_io_stats: 0
2018/05/06-13:38:36.902939 7f649e9dc700 [db/column_family.cc:413] --------------- Options for column family [milestone]:
2018/05/06-13:38:36.902941 7f649e9dc700               Options.comparator: leveldb.BytewiseComparator
2018/05/06-13:38:36.902942 7f649e9dc700           Options.merge_operator: StringAppendOperator
2018/05/06-13:38:36.902944 7f649e9dc700        Options.compaction_filter: None
2018/05/06-13:38:36.902945 7f649e9dc700        Options.compaction_filter_factory: None
2018/05/06-13:38:36.902946 7f649e9dc700         Options.memtable_factory: SkipListFactory
2018/05/06-13:38:36.902948 7f649e9dc700            Options.table_factory: BlockBasedTable
2018/05/06-13:38:36.902960 7f649e9dc700            table_factory options:   flush_block_policy_factory: FlushBlockBySizePolicyFactory (0x7f6498a61ef0)
  cache_index_and_filter_blocks: 0
  cache_index_and_filter_blocks_with_high_priority: 0
  pin_l0_filter_and_index_blocks_in_cache: 0
  index_type: 0
  hash_index_allow_collision: 1
  checksum: 1
  no_block_cache: 0
  block_cache: 0x7f6498a62448
  block_cache_name: LRUCache
  block_cache_options:
    capacity : 32768
    num_shard_bits : 10
    strict_capacity_limit : 0
    high_pri_pool_ratio: 0.000
  block_cache_compressed: (nil)
  persistent_cache: (nil)
  block_size: 4096
  block_size_deviation: 10
  block_restart_interval: 16
  index_block_restart_interval: 1
  filter_policy: rocksdb.BuiltinBloomFilter
  whole_key_filtering: 1
  format_version: 0
2018/05/06-13:38:36.902962 7f649e9dc700        Options.write_buffer_size: 2097152
2018/05/06-13:38:36.902968 7f649e9dc700  Options.max_write_buffer_number: 2
2018/05/06-13:38:36.902970 7f649e9dc700          Options.compression: Snappy
2018/05/06-13:38:36.902971 7f649e9dc700                  Options.bottommost_compression: Disabled
2018/05/06-13:38:36.902972 7f649e9dc700       Options.prefix_extractor: nullptr
2018/05/06-13:38:36.902973 7f649e9dc700   Options.memtable_insert_with_hint_prefix_extractor: nullptr
2018/05/06-13:38:36.902975 7f649e9dc700             Options.num_levels: 7
2018/05/06-13:38:36.902976 7f649e9dc700        Options.min_write_buffer_number_to_merge: 1
2018/05/06-13:38:36.902977 7f649e9dc700     Options.max_write_buffer_number_to_maintain: 0
2018/05/06-13:38:36.902978 7f649e9dc700            Options.compression_opts.window_bits: -14
2018/05/06-13:38:36.902979 7f649e9dc700                  Options.compression_opts.level: -1
2018/05/06-13:38:36.902980 7f649e9dc700               Options.compression_opts.strategy: 0
2018/05/06-13:38:36.902981 7f649e9dc700         Options.compression_opts.max_dict_bytes: 0
2018/05/06-13:38:36.902983 7f649e9dc700      Options.level0_file_num_compaction_trigger: 4
2018/05/06-13:38:36.902984 7f649e9dc700          Options.level0_slowdown_writes_trigger: 20
2018/05/06-13:38:36.902985 7f649e9dc700              Options.level0_stop_writes_trigger: 36
2018/05/06-13:38:36.902986 7f649e9dc700                   Options.target_file_size_base: 67108864
2018/05/06-13:38:36.902987 7f649e9dc700             Options.target_file_size_multiplier: 1
2018/05/06-13:38:36.902988 7f649e9dc700                Options.max_bytes_for_level_base: 268435456
2018/05/06-13:38:36.902989 7f649e9dc700 Options.level_compaction_dynamic_level_bytes: 0
2018/05/06-13:38:36.902991 7f649e9dc700          Options.max_bytes_for_level_multiplier: 10.000000
2018/05/06-13:38:36.902992 7f649e9dc700 Options.max_bytes_for_level_multiplier_addtl[0]: 1
2018/05/06-13:38:36.902994 7f649e9dc700 Options.max_bytes_for_level_multiplier_addtl[1]: 1
2018/05/06-13:38:36.902995 7f649e9dc700 Options.max_bytes_for_level_multiplier_addtl[2]: 1
2018/05/06-13:38:36.902996 7f649e9dc700 Options.max_bytes_for_level_multiplier_addtl[3]: 1
2018/05/06-13:38:36.902997 7f649e9dc700 Options.max_bytes_for_level_multiplier_addtl[4]: 1
2018/05/06-13:38:36.902998 7f649e9dc700 Options.max_bytes_for_level_multiplier_addtl[5]: 1
2018/05/06-13:38:36.903000 7f649e9dc700 Options.max_bytes_for_level_multiplier_addtl[6]: 1
2018/05/06-13:38:36.903001 7f649e9dc700       Options.max_sequential_skip_in_iterations: 8
2018/05/06-13:38:36.903002 7f649e9dc700                    Options.max_compaction_bytes: 1677721600
2018/05/06-13:38:36.903003 7f649e9dc700                        Options.arena_block_size: 262144
2018/05/06-13:38:36.903004 7f649e9dc700   Options.soft_pending_compaction_bytes_limit: 68719476736
2018/05/06-13:38:36.903006 7f649e9dc700   Options.hard_pending_compaction_bytes_limit: 274877906944
2018/05/06-13:38:36.903007 7f649e9dc700       Options.rate_limit_delay_max_milliseconds: 100
2018/05/06-13:38:36.903008 7f649e9dc700                Options.disable_auto_compactions: 0
2018/05/06-13:38:36.903009 7f649e9dc700                        Options.compaction_style: kCompactionStyleLevel
2018/05/06-13:38:36.903011 7f649e9dc700                          Options.compaction_pri: kByCompensatedSize
2018/05/06-13:38:36.903012 7f649e9dc700 Options.compaction_options_universal.size_ratio: 1
2018/05/06-13:38:36.903013 7f649e9dc700 Options.compaction_options_universal.min_merge_width: 2
2018/05/06-13:38:36.903014 7f649e9dc700 Options.compaction_options_universal.max_merge_width: 4294967295
2018/05/06-13:38:36.903015 7f649e9dc700 Options.compaction_options_universal.max_size_amplification_percent: 200
2018/05/06-13:38:36.903016 7f649e9dc700 Options.compaction_options_universal.compression_size_percent: -1
2018/05/06-13:38:36.903018 7f649e9dc700 Options.compaction_options_universal.stop_style: kCompactionStopStyleTotalSize
2018/05/06-13:38:36.903019 7f649e9dc700 Options.compaction_options_fifo.max_table_files_size: 1073741824
2018/05/06-13:38:36.903025 7f649e9dc700 Options.compaction_options_fifo.allow_compaction: 0
2018/05/06-13:38:36.903026 7f649e9dc700 Options.compaction_options_fifo.ttl: 0
2018/05/06-13:38:36.903027 7f649e9dc700                   Options.table_properties_collectors: 
2018/05/06-13:38:36.903028 7f649e9dc700                   Options.inplace_update_support: 0
2018/05/06-13:38:36.903030 7f649e9dc700                 Options.inplace_update_num_locks: 10000
2018/05/06-13:38:36.903031 7f649e9dc700               Options.memtable_prefix_bloom_size_ratio: 0.000000
2018/05/06-13:38:36.903032 7f649e9dc700   Options.memtable_huge_page_size: 0
2018/05/06-13:38:36.903034 7f649e9dc700                           Options.bloom_locality: 0
2018/05/06-13:38:36.903035 7f649e9dc700                    Options.max_successive_merges: 0
2018/05/06-13:38:36.903036 7f649e9dc700                Options.optimize_filters_for_hits: 0
2018/05/06-13:38:36.903037 7f649e9dc700                Options.paranoid_file_checks: 0
2018/05/06-13:38:36.903039 7f649e9dc700                Options.force_consistency_checks: 0
2018/05/06-13:38:36.903041 7f649e9dc700                Options.report_bg_io_stats: 0
2018/05/06-13:38:36.903058 7f649e9dc700 [db/column_family.cc:413] --------------- Options for column family [stateDiff]:
2018/05/06-13:38:36.903060 7f649e9dc700               Options.comparator: leveldb.BytewiseComparator
2018/05/06-13:38:36.903061 7f649e9dc700           Options.merge_operator: StringAppendOperator
2018/05/06-13:38:36.903063 7f649e9dc700        Options.compaction_filter: None
2018/05/06-13:38:36.903064 7f649e9dc700        Options.compaction_filter_factory: None
2018/05/06-13:38:36.903065 7f649e9dc700         Options.memtable_factory: SkipListFactory
2018/05/06-13:38:36.903066 7f649e9dc700            Options.table_factory: BlockBasedTable
2018/05/06-13:38:36.903078 7f649e9dc700            table_factory options:   flush_block_policy_factory: FlushBlockBySizePolicyFactory (0x7f6498a61ef0)
  cache_index_and_filter_blocks: 0
  cache_index_and_filter_blocks_with_high_priority: 0
  pin_l0_filter_and_index_blocks_in_cache: 0
  index_type: 0
  hash_index_allow_collision: 1
  checksum: 1
  no_block_cache: 0
  block_cache: 0x7f6498a62448
  block_cache_name: LRUCache
  block_cache_options:
    capacity : 32768
    num_shard_bits : 10
    strict_capacity_limit : 0
    high_pri_pool_ratio: 0.000
  block_cache_compressed: (nil)
  persistent_cache: (nil)
  block_size: 4096
  block_size_deviation: 10
  block_restart_interval: 16
  index_block_restart_interval: 1
  filter_policy: rocksdb.BuiltinBloomFilter
  whole_key_filtering: 1
  format_version: 0
2018/05/06-13:38:36.903080 7f649e9dc700        Options.write_buffer_size: 2097152
2018/05/06-13:38:36.903081 7f649e9dc700  Options.max_write_buffer_number: 2
2018/05/06-13:38:36.903082 7f649e9dc700          Options.compression: Snappy
2018/05/06-13:38:36.903084 7f649e9dc700                  Options.bottommost_compression: Disabled
2018/05/06-13:38:36.903085 7f649e9dc700       Options.prefix_extractor: nullptr
2018/05/06-13:38:36.903086 7f649e9dc700   Options.memtable_insert_with_hint_prefix_extractor: nullptr
2018/05/06-13:38:36.903087 7f649e9dc700             Options.num_levels: 7
2018/05/06-13:38:36.903089 7f649e9dc700        Options.min_write_buffer_number_to_merge: 1
2018/05/06-13:38:36.903090 7f649e9dc700     Options.max_write_buffer_number_to_maintain: 0
2018/05/06-13:38:36.903091 7f649e9dc700            Options.compression_opts.window_bits: -14
2018/05/06-13:38:36.903092 7f649e9dc700                  Options.compression_opts.level: -1
2018/05/06-13:38:36.903102 7f649e9dc700               Options.compression_opts.strategy: 0
2018/05/06-13:38:36.903103 7f649e9dc700         Options.compression_opts.max_dict_bytes: 0
2018/05/06-13:38:36.903104 7f649e9dc700      Options.level0_file_num_compaction_trigger: 4
2018/05/06-13:38:36.903106 7f649e9dc700          Options.level0_slowdown_writes_trigger: 20
2018/05/06-13:38:36.903107 7f649e9dc700              Options.level0_stop_writes_trigger: 36
2018/05/06-13:38:36.903116 7f649e9dc700                   Options.target_file_size_base: 67108864
2018/05/06-13:38:36.903118 7f649e9dc700             Options.target_file_size_multiplier: 1
2018/05/06-13:38:36.903119 7f649e9dc700                Options.max_bytes_for_level_base: 268435456
2018/05/06-13:38:36.903120 7f649e9dc700 Options.level_compaction_dynamic_level_bytes: 0
2018/05/06-13:38:36.903122 7f649e9dc700          Options.max_bytes_for_level_multiplier: 10.000000
2018/05/06-13:38:36.903123 7f649e9dc700 Options.max_bytes_for_level_multiplier_addtl[0]: 1
2018/05/06-13:38:36.903125 7f649e9dc700 Options.max_bytes_for_level_multiplier_addtl[1]: 1
2018/05/06-13:38:36.903126 7f649e9dc700 Options.max_bytes_for_level_multiplier_addtl[2]: 1
2018/05/06-13:38:36.903127 7f649e9dc700 Options.max_bytes_for_level_multiplier_addtl[3]: 1
2018/05/06-13:38:36.903128 7f649e9dc700 Options.max_bytes_for_level_multiplier_addtl[4]: 1
2018/05/06-13:38:36.903130 7f649e9dc700 Options.max_bytes_for_level_multiplier_addtl[5]: 1
2018/05/06-13:38:36.903131 7f649e9dc700 Options.max_bytes_for_level_multiplier_addtl[6]: 1
2018/05/06-13:38:36.903132 7f649e9dc700       Options.max_sequential_skip_in_iterations: 8
2018/05/06-13:38:36.903134 7f649e9dc700                    Options.max_compaction_bytes: 1677721600
2018/05/06-13:38:36.903135 7f649e9dc700                        Options.arena_block_size: 262144
2018/05/06-13:38:36.903136 7f649e9dc700   Options.soft_pending_compaction_bytes_limit: 68719476736
2018/05/06-13:38:36.903137 7f649e9dc700   Options.hard_pending_compaction_bytes_limit: 274877906944
2018/05/06-13:38:36.903139 7f649e9dc700       Options.rate_limit_delay_max_milliseconds: 100
2018/05/06-13:38:36.903140 7f649e9dc700                Options.disable_auto_compactions: 0
2018/05/06-13:38:36.903141 7f649e9dc700                        Options.compaction_style: kCompactionStyleLevel
2018/05/06-13:38:36.903143 7f649e9dc700                          Options.compaction_pri: kByCompensatedSize
2018/05/06-13:38:36.903144 7f649e9dc700 Options.compaction_options_universal.size_ratio: 1
2018/05/06-13:38:36.903145 7f649e9dc700 Options.compaction_options_universal.min_merge_width: 2
2018/05/06-13:38:36.903146 7f649e9dc700 Options.compaction_options_universal.max_merge_width: 4294967295
2018/05/06-13:38:36.903148 7f649e9dc700 Options.compaction_options_universal.max_size_amplification_percent: 200
2018/05/06-13:38:36.903149 7f649e9dc700 Options.compaction_options_universal.compression_size_percent: -1
2018/05/06-13:38:36.903150 7f649e9dc700 Options.compaction_options_universal.stop_style: kCompactionStopStyleTotalSize
2018/05/06-13:38:36.903152 7f649e9dc700 Options.compaction_options_fifo.max_table_files_size: 1073741824
2018/05/06-13:38:36.903153 7f649e9dc700 Options.compaction_options_fifo.allow_compaction: 0
2018/05/06-13:38:36.903154 7f649e9dc700 Options.compaction_options_fifo.ttl: 0
2018/05/06-13:38:36.903155 7f649e9dc700                   Options.table_properties_collectors: 
