2018/07/27-02:39:24.801286 7f31cc48b700 RocksDB version: 5.7.3
2018/07/27-02:39:24.801320 7f31cc48b700 Git sha rocksdb_build_git_sha:
2018/07/27-02:39:24.801322 7f31cc48b700 Compile date Sep  1 2017
2018/07/27-02:39:24.801326 7f31cc48b700 DB SUMMARY
2018/07/27-02:39:24.801411 7f31cc48b700 CURRENT file:  CURRENT
2018/07/27-02:39:24.801415 7f31cc48b700 IDENTITY file:  IDENTITY
2018/07/27-02:39:24.801421 7f31cc48b700 MANIFEST file:  MANIFEST-000674 size: 4645 Bytes
2018/07/27-02:39:24.801423 7f31cc48b700 SST files in testnetdb dir, Total Num: 50, files: 000050.sst 000069.sst 000135.sst 000152.sst 000165.sst 000183.sst 000198.sst 000239.sst 000258.sst 
2018/07/27-02:39:24.801427 7f31cc48b700 Write Ahead Log file in testnetdb: 000682.log size: 35933 ; 
2018/07/27-02:39:24.801432 7f31cc48b700                         Options.error_if_exists: 0
2018/07/27-02:39:24.801434 7f31cc48b700                       Options.create_if_missing: 1
2018/07/27-02:39:24.801435 7f31cc48b700                         Options.paranoid_checks: 1
2018/07/27-02:39:24.801436 7f31cc48b700                                     Options.env: 0x7f3198ff7880
2018/07/27-02:39:24.801437 7f31cc48b700                                Options.info_log: 0x7f31c4c5a720
2018/07/27-02:39:24.801439 7f31cc48b700                Options.max_file_opening_threads: 16
2018/07/27-02:39:24.801440 7f31cc48b700                               Options.use_fsync: 0
2018/07/27-02:39:24.801442 7f31cc48b700                       Options.max_log_file_size: 1048576
2018/07/27-02:39:24.801443 7f31cc48b700                  Options.max_manifest_file_size: 1048576
2018/07/27-02:39:24.801444 7f31cc48b700                   Options.log_file_time_to_roll: 0
2018/07/27-02:39:24.801446 7f31cc48b700                       Options.keep_log_file_num: 1000
2018/07/27-02:39:24.801448 7f31cc48b700                    Options.recycle_log_file_num: 0
2018/07/27-02:39:24.801450 7f31cc48b700                         Options.allow_fallocate: 1
2018/07/27-02:39:24.801451 7f31cc48b700                        Options.allow_mmap_reads: 0
2018/07/27-02:39:24.801452 7f31cc48b700                       Options.allow_mmap_writes: 0
2018/07/27-02:39:24.801454 7f31cc48b700                        Options.use_direct_reads: 0
2018/07/27-02:39:24.801455 7f31cc48b700                        Options.use_direct_io_for_flush_and_compaction: 0
2018/07/27-02:39:24.801456 7f31cc48b700          Options.create_missing_column_families: 1
2018/07/27-02:39:24.801458 7f31cc48b700                              Options.db_log_dir: testnetdb.log
2018/07/27-02:39:24.801459 7f31cc48b700                                 Options.wal_dir: testnetdb
2018/07/27-02:39:24.801460 7f31cc48b700                Options.table_cache_numshardbits: 6
2018/07/27-02:39:24.801462 7f31cc48b700                      Options.max_subcompactions: 4
2018/07/27-02:39:24.801463 7f31cc48b700                  Options.max_background_flushes: -1
2018/07/27-02:39:24.801464 7f31cc48b700                         Options.WAL_ttl_seconds: 0
2018/07/27-02:39:24.801466 7f31cc48b700                       Options.WAL_size_limit_MB: 0
2018/07/27-02:39:24.801467 7f31cc48b700             Options.manifest_preallocation_size: 4194304
2018/07/27-02:39:24.801468 7f31cc48b700                     Options.is_fd_close_on_exec: 1
2018/07/27-02:39:24.801469 7f31cc48b700                   Options.advise_random_on_open: 1
2018/07/27-02:39:24.801471 7f31cc48b700                    Options.db_write_buffer_size: 0
2018/07/27-02:39:24.801472 7f31cc48b700         Options.access_hint_on_compaction_start: 1
2018/07/27-02:39:24.801473 7f31cc48b700  Options.new_table_reader_for_compaction_inputs: 0
2018/07/27-02:39:24.801474 7f31cc48b700               Options.compaction_readahead_size: 0
2018/07/27-02:39:24.801476 7f31cc48b700           Options.random_access_max_buffer_size: 1048576
2018/07/27-02:39:24.801477 7f31cc48b700           Options.writable_file_max_buffer_size: 1048576
2018/07/27-02:39:24.801478 7f31cc48b700                      Options.use_adaptive_mutex: 0
2018/07/27-02:39:24.801480 7f31cc48b700                            Options.rate_limiter: (nil)
2018/07/27-02:39:24.801482 7f31cc48b700     Options.sst_file_manager.rate_bytes_per_sec: 0
2018/07/27-02:39:24.801494 7f31cc48b700                          Options.bytes_per_sync: 0
2018/07/27-02:39:24.801495 7f31cc48b700                      Options.wal_bytes_per_sync: 0
2018/07/27-02:39:24.801496 7f31cc48b700                       Options.wal_recovery_mode: 2
2018/07/27-02:39:24.801498 7f31cc48b700                  Options.enable_thread_tracking: 0
2018/07/27-02:39:24.801499 7f31cc48b700                  Options.enable_pipelined_write: 0
2018/07/27-02:39:24.801501 7f31cc48b700         Options.allow_concurrent_memtable_write: 1
2018/07/27-02:39:24.801503 7f31cc48b700      Options.enable_write_thread_adaptive_yield: 1
2018/07/27-02:39:24.801504 7f31cc48b700             Options.write_thread_max_yield_usec: 100
2018/07/27-02:39:24.801505 7f31cc48b700            Options.write_thread_slow_yield_usec: 3
2018/07/27-02:39:24.801507 7f31cc48b700                               Options.row_cache: None
2018/07/27-02:39:24.801508 7f31cc48b700                              Options.wal_filter: None
2018/07/27-02:39:24.801509 7f31cc48b700             Options.avoid_flush_during_recovery: 0
2018/07/27-02:39:24.801511 7f31cc48b700             Options.allow_ingest_behind: 0
2018/07/27-02:39:24.801512 7f31cc48b700             Options.concurrent_prepare: 0
2018/07/27-02:39:24.801513 7f31cc48b700             Options.manual_wal_flush: 0
2018/07/27-02:39:24.801516 7f31cc48b700             Options.max_background_jobs: 2
2018/07/27-02:39:24.801517 7f31cc48b700             Options.max_background_compactions: 1
2018/07/27-02:39:24.801519 7f31cc48b700             Options.avoid_flush_during_shutdown: 0
2018/07/27-02:39:24.801520 7f31cc48b700             Options.delayed_write_rate : 16777216
2018/07/27-02:39:24.801521 7f31cc48b700             Options.max_total_wal_size: 0
2018/07/27-02:39:24.801523 7f31cc48b700             Options.delete_obsolete_files_period_micros: 21600000000
2018/07/27-02:39:24.801524 7f31cc48b700                   Options.stats_dump_period_sec: 600
2018/07/27-02:39:24.801525 7f31cc48b700                          Options.max_open_files: 10000
2018/07/27-02:39:24.801527 7f31cc48b700 Compression algorithms supported:
2018/07/27-02:39:24.801528 7f31cc48b700 	Snappy supported: 1
2018/07/27-02:39:24.801530 7f31cc48b700 	Zlib supported: 1
2018/07/27-02:39:24.801531 7f31cc48b700 	Bzip supported: 1
2018/07/27-02:39:24.801532 7f31cc48b700 	LZ4 supported: 1
2018/07/27-02:39:24.801538 7f31cc48b700 	ZSTD supported: 1
2018/07/27-02:39:24.801540 7f31cc48b700 Fast CRC32 supported: 0
2018/07/27-02:39:24.801681 7f31cc48b700 [db/version_set.cc:2712] Recovering from manifest file: MANIFEST-000674
2018/07/27-02:39:24.801743 7f31cc48b700 [db/column_family.cc:413] --------------- Options for column family [default]:
2018/07/27-02:39:24.801746 7f31cc48b700               Options.comparator: leveldb.BytewiseComparator
2018/07/27-02:39:24.801749 7f31cc48b700           Options.merge_operator: StringAppendOperator
2018/07/27-02:39:24.801750 7f31cc48b700        Options.compaction_filter: None
2018/07/27-02:39:24.801751 7f31cc48b700        Options.compaction_filter_factory: None
2018/07/27-02:39:24.801753 7f31cc48b700         Options.memtable_factory: SkipListFactory
2018/07/27-02:39:24.801755 7f31cc48b700            Options.table_factory: BlockBasedTable
2018/07/27-02:39:24.801778 7f31cc48b700            table_factory options:   flush_block_policy_factory: FlushBlockBySizePolicyFactory (0x7f31c4be3230)
  cache_index_and_filter_blocks: 0
  cache_index_and_filter_blocks_with_high_priority: 0
  pin_l0_filter_and_index_blocks_in_cache: 0
  index_type: 0
  hash_index_allow_collision: 1
  checksum: 1
  no_block_cache: 0
  block_cache: 0x7f31c4bde4b8
  block_cache_name: LRUCache
  block_cache_options:
    capacity : 32768
    num_shard_bits : 10
    strict_capacity_limit : 0
    high_pri_pool_ratio: 0.000
  block_cache_compressed: (nil)
  persistent_cache: (nil)
  block_size: 4096
  block_size_deviation: 10
  block_restart_interval: 16
  index_block_restart_interval: 1
  filter_policy: rocksdb.BuiltinBloomFilter
  whole_key_filtering: 1
  format_version: 0
2018/07/27-02:39:24.801790 7f31cc48b700        Options.write_buffer_size: 2097152
2018/07/27-02:39:24.801792 7f31cc48b700  Options.max_write_buffer_number: 2
2018/07/27-02:39:24.801794 7f31cc48b700          Options.compression: Snappy
2018/07/27-02:39:24.801795 7f31cc48b700                  Options.bottommost_compression: Disabled
2018/07/27-02:39:24.801796 7f31cc48b700       Options.prefix_extractor: nullptr
2018/07/27-02:39:24.801798 7f31cc48b700   Options.memtable_insert_with_hint_prefix_extractor: nullptr
2018/07/27-02:39:24.801799 7f31cc48b700             Options.num_levels: 7
2018/07/27-02:39:24.801800 7f31cc48b700        Options.min_write_buffer_number_to_merge: 1
2018/07/27-02:39:24.801802 7f31cc48b700     Options.max_write_buffer_number_to_maintain: 0
2018/07/27-02:39:24.801803 7f31cc48b700            Options.compression_opts.window_bits: -14
2018/07/27-02:39:24.801804 7f31cc48b700                  Options.compression_opts.level: -1
2018/07/27-02:39:24.801806 7f31cc48b700               Options.compression_opts.strategy: 0
2018/07/27-02:39:24.801807 7f31cc48b700         Options.compression_opts.max_dict_bytes: 0
2018/07/27-02:39:24.801808 7f31cc48b700      Options.level0_file_num_compaction_trigger: 4
2018/07/27-02:39:24.801810 7f31cc48b700          Options.level0_slowdown_writes_trigger: 20
2018/07/27-02:39:24.801811 7f31cc48b700              Options.level0_stop_writes_trigger: 36
2018/07/27-02:39:24.801812 7f31cc48b700                   Options.target_file_size_base: 67108864
2018/07/27-02:39:24.801813 7f31cc48b700             Options.target_file_size_multiplier: 1
2018/07/27-02:39:24.801815 7f31cc48b700                Options.max_bytes_for_level_base: 268435456
2018/07/27-02:39:24.801816 7f31cc48b700 Options.level_compaction_dynamic_level_bytes: 0
2018/07/27-02:39:24.801819 7f31cc48b700          Options.max_bytes_for_level_multiplier: 10.000000
2018/07/27-02:39:24.801821 7f31cc48b700 Options.max_bytes_for_level_multiplier_addtl[0]: 1
2018/07/27-02:39:24.801822 7f31cc48b700 Options.max_bytes_for_level_multiplier_addtl[1]: 1
2018/07/27-02:39:24.801824 7f31cc48b700 Options.max_bytes_for_level_multiplier_addtl[2]: 1
2018/07/27-02:39:24.801825 7f31cc48b700 Options.max_bytes_for_level_multiplier_addtl[3]: 1
2018/07/27-02:39:24.801826 7f31cc48b700 Options.max_bytes_for_level_multiplier_addtl[4]: 1
2018/07/27-02:39:24.801828 7f31cc48b700 Options.max_bytes_for_level_multiplier_addtl[5]: 1
2018/07/27-02:39:24.801829 7f31cc48b700 Options.max_bytes_for_level_multiplier_addtl[6]: 1
2018/07/27-02:39:24.801831 7f31cc48b700       Options.max_sequential_skip_in_iterations: 8
2018/07/27-02:39:24.801832 7f31cc48b700                    Options.max_compaction_bytes: 1677721600
2018/07/27-02:39:24.801834 7f31cc48b700                        Options.arena_block_size: 262144
2018/07/27-02:39:24.801835 7f31cc48b700   Options.soft_pending_compaction_bytes_limit: 68719476736
2018/07/27-02:39:24.801836 7f31cc48b700   Options.hard_pending_compaction_bytes_limit: 274877906944
2018/07/27-02:39:24.801838 7f31cc48b700       Options.rate_limit_delay_max_milliseconds: 100
2018/07/27-02:39:24.801839 7f31cc48b700                Options.disable_auto_compactions: 0
2018/07/27-02:39:24.801843 7f31cc48b700                        Options.compaction_style: kCompactionStyleLevel
2018/07/27-02:39:24.801845 7f31cc48b700                          Options.compaction_pri: kByCompensatedSize
2018/07/27-02:39:24.801847 7f31cc48b700 Options.compaction_options_universal.size_ratio: 1
2018/07/27-02:39:24.801848 7f31cc48b700 Options.compaction_options_universal.min_merge_width: 2
2018/07/27-02:39:24.801849 7f31cc48b700 Options.compaction_options_universal.max_merge_width: 4294967295
2018/07/27-02:39:24.801851 7f31cc48b700 Options.compaction_options_universal.max_size_amplification_percent: 200
2018/07/27-02:39:24.801852 7f31cc48b700 Options.compaction_options_universal.compression_size_percent: -1
2018/07/27-02:39:24.801854 7f31cc48b700 Options.compaction_options_universal.stop_style: kCompactionStopStyleTotalSize
2018/07/27-02:39:24.801860 7f31cc48b700 Options.compaction_options_fifo.max_table_files_size: 1073741824
2018/07/27-02:39:24.801861 7f31cc48b700 Options.compaction_options_fifo.allow_compaction: 0
2018/07/27-02:39:24.801862 7f31cc48b700 Options.compaction_options_fifo.ttl: 0
2018/07/27-02:39:24.801865 7f31cc48b700                   Options.table_properties_collectors: 
2018/07/27-02:39:24.801867 7f31cc48b700                   Options.inplace_update_support: 0
2018/07/27-02:39:24.801868 7f31cc48b700                 Options.inplace_update_num_locks: 10000
2018/07/27-02:39:24.801870 7f31cc48b700               Options.memtable_prefix_bloom_size_ratio: 0.000000
2018/07/27-02:39:24.801871 7f31cc48b700   Options.memtable_huge_page_size: 0
2018/07/27-02:39:24.801873 7f31cc48b700                           Options.bloom_locality: 0
2018/07/27-02:39:24.801874 7f31cc48b700                    Options.max_successive_merges: 0
2018/07/27-02:39:24.801875 7f31cc48b700                Options.optimize_filters_for_hits: 0
2018/07/27-02:39:24.801876 7f31cc48b700                Options.paranoid_file_checks: 0
2018/07/27-02:39:24.801878 7f31cc48b700                Options.force_consistency_checks: 0
2018/07/27-02:39:24.801879 7f31cc48b700                Options.report_bg_io_stats: 0
2018/07/27-02:39:24.801964 7f31cc48b700 [db/column_family.cc:413] --------------- Options for column family [transaction]:
2018/07/27-02:39:24.801967 7f31cc48b700               Options.comparator: leveldb.BytewiseComparator
2018/07/27-02:39:24.801969 7f31cc48b700           Options.merge_operator: StringAppendOperator
2018/07/27-02:39:24.801970 7f31cc48b700        Options.compaction_filter: None
2018/07/27-02:39:24.801971 7f31cc48b700        Options.compaction_filter_factory: None
2018/07/27-02:39:24.801973 7f31cc48b700         Options.memtable_factory: SkipListFactory
2018/07/27-02:39:24.801974 7f31cc48b700            Options.table_factory: BlockBasedTable
2018/07/27-02:39:24.801989 7f31cc48b700            table_factory options:   flush_block_policy_factory: FlushBlockBySizePolicyFactory (0x7f31c4be3230)
  cache_index_and_filter_blocks: 0
  cache_index_and_filter_blocks_with_high_priority: 0
  pin_l0_filter_and_index_blocks_in_cache: 0
  index_type: 0
  hash_index_allow_collision: 1
  checksum: 1
  no_block_cache: 0
  block_cache: 0x7f31c4bde4b8
  block_cache_name: LRUCache
  block_cache_options:
    capacity : 32768
    num_shard_bits : 10
    strict_capacity_limit : 0
    high_pri_pool_ratio: 0.000
  block_cache_compressed: (nil)
  persistent_cache: (nil)
  block_size: 4096
  block_size_deviation: 10
  block_restart_interval: 16
  index_block_restart_interval: 1
  filter_policy: rocksdb.BuiltinBloomFilter
  whole_key_filtering: 1
  format_version: 0
2018/07/27-02:39:24.801992 7f31cc48b700        Options.write_buffer_size: 2097152
2018/07/27-02:39:24.801993 7f31cc48b700  Options.max_write_buffer_number: 2
2018/07/27-02:39:24.801995 7f31cc48b700          Options.compression: Snappy
2018/07/27-02:39:24.801996 7f31cc48b700                  Options.bottommost_compression: Disabled
2018/07/27-02:39:24.801997 7f31cc48b700       Options.prefix_extractor: nullptr
2018/07/27-02:39:24.801999 7f31cc48b700   Options.memtable_insert_with_hint_prefix_extractor: nullptr
2018/07/27-02:39:24.802000 7f31cc48b700             Options.num_levels: 7
2018/07/27-02:39:24.802001 7f31cc48b700        Options.min_write_buffer_number_to_merge: 1
2018/07/27-02:39:24.802003 7f31cc48b700     Options.max_write_buffer_number_to_maintain: 0
2018/07/27-02:39:24.802004 7f31cc48b700            Options.compression_opts.window_bits: -14
2018/07/27-02:39:24.802005 7f31cc48b700                  Options.compression_opts.level: -1
2018/07/27-02:39:24.802007 7f31cc48b700               Options.compression_opts.strategy: 0
2018/07/27-02:39:24.802008 7f31cc48b700         Options.compression_opts.max_dict_bytes: 0
2018/07/27-02:39:24.802009 7f31cc48b700      Options.level0_file_num_compaction_trigger: 4
2018/07/27-02:39:24.802010 7f31cc48b700          Options.level0_slowdown_writes_trigger: 20
2018/07/27-02:39:24.802018 7f31cc48b700              Options.level0_stop_writes_trigger: 36
2018/07/27-02:39:24.802020 7f31cc48b700                   Options.target_file_size_base: 67108864
2018/07/27-02:39:24.802022 7f31cc48b700             Options.target_file_size_multiplier: 1
2018/07/27-02:39:24.802023 7f31cc48b700                Options.max_bytes_for_level_base: 268435456
2018/07/27-02:39:24.802024 7f31cc48b700 Options.level_compaction_dynamic_level_bytes: 0
2018/07/27-02:39:24.802026 7f31cc48b700          Options.max_bytes_for_level_multiplier: 10.000000
2018/07/27-02:39:24.802028 7f31cc48b700 Options.max_bytes_for_level_multiplier_addtl[0]: 1
2018/07/27-02:39:24.802029 7f31cc48b700 Options.max_bytes_for_level_multiplier_addtl[1]: 1
2018/07/27-02:39:24.802031 7f31cc48b700 Options.max_bytes_for_level_multiplier_addtl[2]: 1
2018/07/27-02:39:24.802032 7f31cc48b700 Options.max_bytes_for_level_multiplier_addtl[3]: 1
2018/07/27-02:39:24.802033 7f31cc48b700 Options.max_bytes_for_level_multiplier_addtl[4]: 1
2018/07/27-02:39:24.802034 7f31cc48b700 Options.max_bytes_for_level_multiplier_addtl[5]: 1
2018/07/27-02:39:24.802036 7f31cc48b700 Options.max_bytes_for_level_multiplier_addtl[6]: 1
2018/07/27-02:39:24.802037 7f31cc48b700       Options.max_sequential_skip_in_iterations: 8
2018/07/27-02:39:24.802038 7f31cc48b700                    Options.max_compaction_bytes: 1677721600
2018/07/27-02:39:24.802040 7f31cc48b700                        Options.arena_block_size: 262144
2018/07/27-02:39:24.802041 7f31cc48b700   Options.soft_pending_compaction_bytes_limit: 68719476736
2018/07/27-02:39:24.802043 7f31cc48b700   Options.hard_pending_compaction_bytes_limit: 274877906944
2018/07/27-02:39:24.802044 7f31cc48b700       Options.rate_limit_delay_max_milliseconds: 100
2018/07/27-02:39:24.802045 7f31cc48b700                Options.disable_auto_compactions: 0
2018/07/27-02:39:24.802047 7f31cc48b700                        Options.compaction_style: kCompactionStyleLevel
2018/07/27-02:39:24.802048 7f31cc48b700                          Options.compaction_pri: kByCompensatedSize
2018/07/27-02:39:24.802050 7f31cc48b700 Options.compaction_options_universal.size_ratio: 1
2018/07/27-02:39:24.802051 7f31cc48b700 Options.compaction_options_universal.min_merge_width: 2
2018/07/27-02:39:24.802052 7f31cc48b700 Options.compaction_options_universal.max_merge_width: 4294967295
2018/07/27-02:39:24.802054 7f31cc48b700 Options.compaction_options_universal.max_size_amplification_percent: 200
2018/07/27-02:39:24.802055 7f31cc48b700 Options.compaction_options_universal.compression_size_percent: -1
2018/07/27-02:39:24.802056 7f31cc48b700 Options.compaction_options_universal.stop_style: kCompactionStopStyleTotalSize
2018/07/27-02:39:24.802058 7f31cc48b700 Options.compaction_options_fifo.max_table_files_size: 1073741824
2018/07/27-02:39:24.802059 7f31cc48b700 Options.compaction_options_fifo.allow_compaction: 0
2018/07/27-02:39:24.802060 7f31cc48b700 Options.compaction_options_fifo.ttl: 0
2018/07/27-02:39:24.802062 7f31cc48b700                   Options.table_properties_collectors: 
2018/07/27-02:39:24.802064 7f31cc48b700                   Options.inplace_update_support: 0
2018/07/27-02:39:24.802065 7f31cc48b700                 Options.inplace_update_num_locks: 10000
2018/07/27-02:39:24.802067 7f31cc48b700               Options.memtable_prefix_bloom_size_ratio: 0.000000
2018/07/27-02:39:24.802068 7f31cc48b700   Options.memtable_huge_page_size: 0
2018/07/27-02:39:24.802070 7f31cc48b700                           Options.bloom_locality: 0
2018/07/27-02:39:24.802071 7f31cc48b700                    Options.max_successive_merges: 0
2018/07/27-02:39:24.802072 7f31cc48b700                Options.optimize_filters_for_hits: 0
2018/07/27-02:39:24.802074 7f31cc48b700                Options.paranoid_file_checks: 0
2018/07/27-02:39:24.802075 7f31cc48b700                Options.force_consistency_checks: 0
2018/07/27-02:39:24.802076 7f31cc48b700                Options.report_bg_io_stats: 0
2018/07/27-02:39:24.802105 7f31cc48b700 [db/column_family.cc:413] --------------- Options for column family [transaction-metadata]:
2018/07/27-02:39:24.802113 7f31cc48b700               Options.comparator: leveldb.BytewiseComparator
2018/07/27-02:39:24.802115 7f31cc48b700           Options.merge_operator: StringAppendOperator
2018/07/27-02:39:24.802116 7f31cc48b700        Options.compaction_filter: None
2018/07/27-02:39:24.802118 7f31cc48b700        Options.compaction_filter_factory: None
2018/07/27-02:39:24.802119 7f31cc48b700         Options.memtable_factory: SkipListFactory
2018/07/27-02:39:24.802120 7f31cc48b700            Options.table_factory: BlockBasedTable
2018/07/27-02:39:24.802137 7f31cc48b700            table_factory options:   flush_block_policy_factory: FlushBlockBySizePolicyFactory (0x7f31c4be3230)
  cache_index_and_filter_blocks: 0
  cache_index_and_filter_blocks_with_high_priority: 0
  pin_l0_filter_and_index_blocks_in_cache: 0
  index_type: 0
  hash_index_allow_collision: 1
  checksum: 1
  no_block_cache: 0
  block_cache: 0x7f31c4bde4b8
  block_cache_name: LRUCache
  block_cache_options:
    capacity : 32768
    num_shard_bits : 10
    strict_capacity_limit : 0
    high_pri_pool_ratio: 0.000
  block_cache_compressed: (nil)
  persistent_cache: (nil)
  block_size: 4096
  block_size_deviation: 10
  block_restart_interval: 16
  index_block_restart_interval: 1
  filter_policy: rocksdb.BuiltinBloomFilter
  whole_key_filtering: 1
  format_version: 0
2018/07/27-02:39:24.802140 7f31cc48b700        Options.write_buffer_size: 2097152
2018/07/27-02:39:24.802141 7f31cc48b700  Options.max_write_buffer_number: 2
2018/07/27-02:39:24.802142 7f31cc48b700          Options.compression: Snappy
2018/07/27-02:39:24.802144 7f31cc48b700                  Options.bottommost_compression: Disabled
2018/07/27-02:39:24.802145 7f31cc48b700       Options.prefix_extractor: nullptr
2018/07/27-02:39:24.802146 7f31cc48b700   Options.memtable_insert_with_hint_prefix_extractor: nullptr
2018/07/27-02:39:24.802148 7f31cc48b700             Options.num_levels: 7
2018/07/27-02:39:24.802149 7f31cc48b700        Options.min_write_buffer_number_to_merge: 1
2018/07/27-02:39:24.802150 7f31cc48b700     Options.max_write_buffer_number_to_maintain: 0
2018/07/27-02:39:24.802152 7f31cc48b700            Options.compression_opts.window_bits: -14
2018/07/27-02:39:24.802153 7f31cc48b700                  Options.compression_opts.level: -1
2018/07/27-02:39:24.802154 7f31cc48b700               Options.compression_opts.strategy: 0
2018/07/27-02:39:24.802155 7f31cc48b700         Options.compression_opts.max_dict_bytes: 0
2018/07/27-02:39:24.802157 7f31cc48b700      Options.level0_file_num_compaction_trigger: 4
2018/07/27-02:39:24.802158 7f31cc48b700          Options.level0_slowdown_writes_trigger: 20
2018/07/27-02:39:24.802159 7f31cc48b700              Options.level0_stop_writes_trigger: 36
2018/07/27-02:39:24.802161 7f31cc48b700                   Options.target_file_size_base: 67108864
2018/07/27-02:39:24.802162 7f31cc48b700             Options.target_file_size_multiplier: 1
2018/07/27-02:39:24.802163 7f31cc48b700                Options.max_bytes_for_level_base: 268435456
2018/07/27-02:39:24.802164 7f31cc48b700 Options.level_compaction_dynamic_level_bytes: 0
2018/07/27-02:39:24.802166 7f31cc48b700          Options.max_bytes_for_level_multiplier: 10.000000
2018/07/27-02:39:24.802168 7f31cc48b700 Options.max_bytes_for_level_multiplier_addtl[0]: 1
2018/07/27-02:39:24.802169 7f31cc48b700 Options.max_bytes_for_level_multiplier_addtl[1]: 1
2018/07/27-02:39:24.802170 7f31cc48b700 Options.max_bytes_for_level_multiplier_addtl[2]: 1
2018/07/27-02:39:24.802172 7f31cc48b700 Options.max_bytes_for_level_multiplier_addtl[3]: 1
2018/07/27-02:39:24.802173 7f31cc48b700 Options.max_bytes_for_level_multiplier_addtl[4]: 1
2018/07/27-02:39:24.802174 7f31cc48b700 Options.max_bytes_for_level_multiplier_addtl[5]: 1
2018/07/27-02:39:24.802176 7f31cc48b700 Options.max_bytes_for_level_multiplier_addtl[6]: 1
2018/07/27-02:39:24.802177 7f31cc48b700       Options.max_sequential_skip_in_iterations: 8
2018/07/27-02:39:24.802178 7f31cc48b700                    Options.max_compaction_bytes: 1677721600
2018/07/27-02:39:24.802184 7f31cc48b700                        Options.arena_block_size: 262144
2018/07/27-02:39:24.802186 7f31cc48b700   Options.soft_pending_compaction_bytes_limit: 68719476736
2018/07/27-02:39:24.802187 7f31cc48b700   Options.hard_pending_compaction_bytes_limit: 274877906944
2018/07/27-02:39:24.802188 7f31cc48b700       Options.rate_limit_delay_max_milliseconds: 100
2018/07/27-02:39:24.802190 7f31cc48b700                Options.disable_auto_compactions: 0
2018/07/27-02:39:24.802191 7f31cc48b700                        Options.compaction_style: kCompactionStyleLevel
2018/07/27-02:39:24.802192 7f31cc48b700                          Options.compaction_pri: kByCompensatedSize
2018/07/27-02:39:24.802194 7f31cc48b700 Options.compaction_options_universal.size_ratio: 1
2018/07/27-02:39:24.802195 7f31cc48b700 Options.compaction_options_universal.min_merge_width: 2
2018/07/27-02:39:24.802196 7f31cc48b700 Options.compaction_options_universal.max_merge_width: 4294967295
2018/07/27-02:39:24.802198 7f31cc48b700 Options.compaction_options_universal.max_size_amplification_percent: 200
2018/07/27-02:39:24.802199 7f31cc48b700 Options.compaction_options_universal.compression_size_percent: -1
2018/07/27-02:39:24.802200 7f31cc48b700 Options.compaction_options_universal.stop_style: kCompactionStopStyleTotalSize
2018/07/27-02:39:24.802202 7f31cc48b700 Options.compaction_options_fifo.max_table_files_size: 1073741824
2018/07/27-02:39:24.802203 7f31cc48b700 Options.compaction_options_fifo.allow_compaction: 0
2018/07/27-02:39:24.802204 7f31cc48b700 Options.compaction_options_fifo.ttl: 0
2018/07/27-02:39:24.802206 7f31cc48b700                   Options.table_properties_collectors: 
2018/07/27-02:39:24.802207 7f31cc48b700                   Options.inplace_update_support: 0
2018/07/27-02:39:24.802208 7f31cc48b700                 Options.inplace_update_num_locks: 10000
2018/07/27-02:39:24.802210 7f31cc48b700               Options.memtable_prefix_bloom_size_ratio: 0.000000
2018/07/27-02:39:24.802211 7f31cc48b700   Options.memtable_huge_page_size: 0
2018/07/27-02:39:24.802212 7f31cc48b700                           Options.bloom_locality: 0
2018/07/27-02:39:24.802214 7f31cc48b700                    Options.max_successive_merges: 0
2018/07/27-02:39:24.802215 7f31cc48b700                Options.optimize_filters_for_hits: 0
2018/07/27-02:39:24.802216 7f31cc48b700                Options.paranoid_file_checks: 0
2018/07/27-02:39:24.802217 7f31cc48b700                Options.force_consistency_checks: 0
2018/07/27-02:39:24.802218 7f31cc48b700                Options.report_bg_io_stats: 0
2018/07/27-02:39:24.802238 7f31cc48b700 [db/column_family.cc:413] --------------- Options for column family [milestone]:
2018/07/27-02:39:24.802240 7f31cc48b700               Options.comparator: leveldb.BytewiseComparator
2018/07/27-02:39:24.802242 7f31cc48b700           Options.merge_operator: StringAppendOperator
2018/07/27-02:39:24.802244 7f31cc48b700        Options.compaction_filter: None
2018/07/27-02:39:24.802245 7f31cc48b700        Options.compaction_filter_factory: None
2018/07/27-02:39:24.802246 7f31cc48b700         Options.memtable_factory: SkipListFactory
2018/07/27-02:39:24.802247 7f31cc48b700            Options.table_factory: BlockBasedTable
2018/07/27-02:39:24.802265 7f31cc48b700            table_factory options:   flush_block_policy_factory: FlushBlockBySizePolicyFactory (0x7f31c4be3230)
  cache_index_and_filter_blocks: 0
  cache_index_and_filter_blocks_with_high_priority: 0
  pin_l0_filter_and_index_blocks_in_cache: 0
  index_type: 0
  hash_index_allow_collision: 1
  checksum: 1
  no_block_cache: 0
  block_cache: 0x7f31c4bde4b8
  block_cache_name: LRUCache
  block_cache_options:
    capacity : 32768
    num_shard_bits : 10
    strict_capacity_limit : 0
    high_pri_pool_ratio: 0.000
  block_cache_compressed: (nil)
  persistent_cache: (nil)
  block_size: 4096
  block_size_deviation: 10
  block_restart_interval: 16
  index_block_restart_interval: 1
  filter_policy: rocksdb.BuiltinBloomFilter
  whole_key_filtering: 1
  format_version: 0
2018/07/27-02:39:24.802273 7f31cc48b700        Options.write_buffer_size: 2097152
2018/07/27-02:39:24.802274 7f31cc48b700  Options.max_write_buffer_number: 2
2018/07/27-02:39:24.802275 7f31cc48b700          Options.compression: Snappy
2018/07/27-02:39:24.802277 7f31cc48b700                  Options.bottommost_compression: Disabled
2018/07/27-02:39:24.802278 7f31cc48b700       Options.prefix_extractor: nullptr
2018/07/27-02:39:24.802279 7f31cc48b700   Options.memtable_insert_with_hint_prefix_extractor: nullptr
2018/07/27-02:39:24.802281 7f31cc48b700             Options.num_levels: 7
2018/07/27-02:39:24.802282 7f31cc48b700        Options.min_write_buffer_number_to_merge: 1
2018/07/27-02:39:24.802283 7f31cc48b700     Options.max_write_buffer_number_to_maintain: 0
2018/07/27-02:39:24.802284 7f31cc48b700            Options.compression_opts.window_bits: -14
2018/07/27-02:39:24.802285 7f31cc48b700                  Options.compression_opts.level: -1
2018/07/27-02:39:24.802287 7f31cc48b700               Options.compression_opts.strategy: 0
2018/07/27-02:39:24.802288 7f31cc48b700         Options.compression_opts.max_dict_bytes: 0
2018/07/27-02:39:24.802289 7f31cc48b700      Options.level0_file_num_compaction_trigger: 4
2018/07/27-02:39:24.802290 7f31cc48b700          Options.level0_slowdown_writes_trigger: 20
2018/07/27-02:39:24.802291 7f31cc48b700              Options.level0_stop_writes_trigger: 36
2018/07/27-02:39:24.802293 7f31cc48b700                   Options.target_file_size_base: 67108864
2018/07/27-02:39:24.802294 7f31cc48b700             Options.target_file_size_multiplier: 1
2018/07/27-02:39:24.802295 7f31cc48b700                Options.max_bytes_for_level_base: 268435456
2018/07/27-02:39:24.802296 7f31cc48b700 Options.level_compaction_dynamic_level_bytes: 0
2018/07/27-02:39:24.802298 7f31cc48b700          Options.max_bytes_for_level_multiplier: 10.000000
2018/07/27-02:39:24.802299 7f31cc48b700 Options.max_bytes_for_level_multiplier_addtl[0]: 1
2018/07/27-02:39:24.802301 7f31cc48b700 Options.max_bytes_for_level_multiplier_addtl[1]: 1
2018/07/27-02:39:24.802302 7f31cc48b700 Options.max_bytes_for_level_multiplier_addtl[2]: 1
2018/07/27-02:39:24.802303 7f31cc48b700 Options.max_bytes_for_level_multiplier_addtl[3]: 1
2018/07/27-02:39:24.802304 7f31cc48b700 Options.max_bytes_for_level_multiplier_addtl[4]: 1
2018/07/27-02:39:24.802306 7f31cc48b700 Options.max_bytes_for_level_multiplier_addtl[5]: 1
2018/07/27-02:39:24.802307 7f31cc48b700 Options.max_bytes_for_level_multiplier_addtl[6]: 1
2018/07/27-02:39:24.802308 7f31cc48b700       Options.max_sequential_skip_in_iterations: 8
2018/07/27-02:39:24.802309 7f31cc48b700                    Options.max_compaction_bytes: 1677721600
2018/07/27-02:39:24.802311 7f31cc48b700                        Options.arena_block_size: 262144
2018/07/27-02:39:24.802312 7f31cc48b700   Options.soft_pending_compaction_bytes_limit: 68719476736
2018/07/27-02:39:24.802313 7f31cc48b700   Options.hard_pending_compaction_bytes_limit: 274877906944
2018/07/27-02:39:24.802314 7f31cc48b700       Options.rate_limit_delay_max_milliseconds: 100
2018/07/27-02:39:24.802315 7f31cc48b700                Options.disable_auto_compactions: 0
2018/07/27-02:39:24.802317 7f31cc48b700                        Options.compaction_style: kCompactionStyleLevel
2018/07/27-02:39:24.802318 7f31cc48b700                          Options.compaction_pri: kByCompensatedSize
2018/07/27-02:39:24.802319 7f31cc48b700 Options.compaction_options_universal.size_ratio: 1
2018/07/27-02:39:24.802321 7f31cc48b700 Options.compaction_options_universal.min_merge_width: 2
2018/07/27-02:39:24.802322 7f31cc48b700 Options.compaction_options_universal.max_merge_width: 4294967295
2018/07/27-02:39:24.802323 7f31cc48b700 Options.compaction_options_universal.max_size_amplification_percent: 200
2018/07/27-02:39:24.802324 7f31cc48b700 Options.compaction_options_universal.compression_size_percent: -1
2018/07/27-02:39:24.802326 7f31cc48b700 Options.compaction_options_universal.stop_style: kCompactionStopStyleTotalSize
2018/07/27-02:39:24.802327 7f31cc48b700 Options.compaction_options_fifo.max_table_files_size: 1073741824
2018/07/27-02:39:24.802332 7f31cc48b700 Options.compaction_options_fifo.allow_compaction: 0
2018/07/27-02:39:24.802334 7f31cc48b700 Options.compaction_options_fifo.ttl: 0
2018/07/27-02:39:24.802335 7f31cc48b700                   Options.table_properties_collectors: 
2018/07/27-02:39:24.802336 7f31cc48b700                   Options.inplace_update_support: 0
2018/07/27-02:39:24.802338 7f31cc48b700                 Options.inplace_update_num_locks: 10000
2018/07/27-02:39:24.802339 7f31cc48b700               Options.memtable_prefix_bloom_size_ratio: 0.000000
2018/07/27-02:39:24.802340 7f31cc48b700   Options.memtable_huge_page_size: 0
2018/07/27-02:39:24.802341 7f31cc48b700                           Options.bloom_locality: 0
2018/07/27-02:39:24.802343 7f31cc48b700                    Options.max_successive_merges: 0
2018/07/27-02:39:24.802344 7f31cc48b700                Options.optimize_filters_for_hits: 0
2018/07/27-02:39:24.802345 7f31cc48b700                Options.paranoid_file_checks: 0
2018/07/27-02:39:24.802346 7f31cc48b700                Options.force_consistency_checks: 0
2018/07/27-02:39:24.802347 7f31cc48b700                Options.report_bg_io_stats: 0
2018/07/27-02:39:24.802385 7f31cc48b700 [db/column_family.cc:413] --------------- Options for column family [stateDiff]:
2018/07/27-02:39:24.802387 7f31cc48b700               Options.comparator: leveldb.BytewiseComparator
2018/07/27-02:39:24.802389 7f31cc48b700           Options.merge_operator: StringAppendOperator
2018/07/27-02:39:24.802390 7f31cc48b700        Options.compaction_filter: None
2018/07/27-02:39:24.802391 7f31cc48b700        Options.compaction_filter_factory: None
2018/07/27-02:39:24.802393 7f31cc48b700         Options.memtable_factory: SkipListFactory
2018/07/27-02:39:24.802394 7f31cc48b700            Options.table_factory: BlockBasedTable
2018/07/27-02:39:24.802409 7f31cc48b700            table_factory options:   flush_block_policy_factory: FlushBlockBySizePolicyFactory (0x7f31c4be3230)
  cache_index_and_filter_blocks: 0
  cache_index_and_filter_blocks_with_high_priority: 0
  pin_l0_filter_and_index_blocks_in_cache: 0
  index_type: 0
  hash_index_allow_collision: 1
  checksum: 1
  no_block_cache: 0
  block_cache: 0x7f31c4bde4b8
  block_cache_name: LRUCache
  block_cache_options:
    capacity : 32768
    num_shard_bits : 10
    strict_capacity_limit : 0
    high_pri_pool_ratio: 0.000
  block_cache_compressed: (nil)
  persistent_cache: (nil)
  block_size: 4096
  block_size_deviation: 10
  block_restart_interval: 16
  index_block_restart_interval: 1
  filter_policy: rocksdb.BuiltinBloomFilter
  whole_key_filtering: 1
  format_version: 0
2018/07/27-02:39:24.802411 7f31cc48b700        Options.write_buffer_size: 2097152
2018/07/27-02:39:24.802412 7f31cc48b700  Options.max_write_buffer_number: 2
2018/07/27-02:39:24.802413 7f31cc48b700          Options.compression: Snappy
2018/07/27-02:39:24.802415 7f31cc48b700                  Options.bottommost_compression: Disabled
2018/07/27-02:39:24.802416 7f31cc48b700       Options.prefix_extractor: nullptr
2018/07/27-02:39:24.802417 7f31cc48b700   Options.memtable_insert_with_hint_prefix_extractor: nullptr
2018/07/27-02:39:24.802418 7f31cc48b700             Options.num_levels: 7
2018/07/27-02:39:24.802420 7f31cc48b700        Options.min_write_buffer_number_to_merge: 1
2018/07/27-02:39:24.802421 7f31cc48b700     Options.max_write_buffer_number_to_maintain: 0
2018/07/27-02:39:24.802422 7f31cc48b700            Options.compression_opts.window_bits: -14
2018/07/27-02:39:24.802423 7f31cc48b700                  Options.compression_opts.level: -1
2018/07/27-02:39:24.802425 7f31cc48b700               Options.compression_opts.strategy: 0
2018/07/27-02:39:24.802426 7f31cc48b700         Options.compression_opts.max_dict_bytes: 0
2018/07/27-02:39:24.802427 7f31cc48b700      Options.level0_file_num_compaction_trigger: 4
2018/07/27-02:39:24.802428 7f31cc48b700          Options.level0_slowdown_writes_trigger: 20
2018/07/27-02:39:24.802429 7f31cc48b700              Options.level0_stop_writes_trigger: 36
2018/07/27-02:39:24.802436 7f31cc48b700                   Options.target_file_size_base: 67108864
2018/07/27-02:39:24.802437 7f31cc48b700             Options.target_file_size_multiplier: 1
2018/07/27-02:39:24.802438 7f31cc48b700                Options.max_bytes_for_level_base: 268435456
2018/07/27-02:39:24.802440 7f31cc48b700 Options.level_compaction_dynamic_level_bytes: 0
2018/07/27-02:39:24.802441 7f31cc48b700          Options.max_bytes_for_level_multiplier: 10.000000
2018/07/27-02:39:24.802443 7f31cc48b700 Options.max_bytes_for_level_multiplier_addtl[0]: 1
2018/07/27-02:39:24.802444 7f31cc48b700 Options.max_bytes_for_level_multiplier_addtl[1]: 1
2018/07/27-02:39:24.802445 7f31cc48b700 Options.max_bytes_for_level_multiplier_addtl[2]: 1
2018/07/27-02:39:24.802447 7f31cc48b700 Options.max_bytes_for_level_multiplier_addtl[3]: 1
2018/07/27-02:39:24.802448 7f31cc48b700 Options.max_bytes_for_level_multiplier_addtl[4]: 1
2018/07/27-02:39:24.802449 7f31cc48b700 Options.max_bytes_for_level_multiplier_addtl[5]: 1
2018/07/27-02:39:24.802450 7f31cc48b700 Options.max_bytes_for_level_multiplier_addtl[6]: 1
2018/07/27-02:39:24.802454 7f31cc48b700       Options.max_sequential_skip_in_iterations: 8
2018/07/27-02:39:24.802455 7f31cc48b700                    Options.max_compaction_bytes: 1677721600
2018/07/27-02:39:24.802457 7f31cc48b700                        Options.arena_block_size: 262144
2018/07/27-02:39:24.802458 7f31cc48b700   Options.soft_pending_compaction_bytes_limit: 68719476736
2018/07/27-02:39:24.802459 7f31cc48b700   Options.hard_pending_compaction_bytes_limit: 274877906944
2018/07/27-02:39:24.802460 7f31cc48b700       Options.rate_limit_delay_max_milliseconds: 100
2018/07/27-02:39:24.802462 7f31cc48b700                Options.disable_auto_compactions: 0
2018/07/27-02:39:24.802463 7f31cc48b700                        Options.compaction_style: kCompactionStyleLevel
2018/07/27-02:39:24.802464 7f31cc48b700                          Options.compaction_pri: kByCompensatedSize
2018/07/27-02:39:24.802466 7f31cc48b700 Options.compaction_options_universal.size_ratio: 1
2018/07/27-02:39:24.802467 7f31cc48b700 Options.compaction_options_universal.min_merge_width: 2
2018/07/27-02:39:24.802468 7f31cc48b700 Options.compaction_options_universal.max_merge_width: 4294967295
2018/07/27-02:39:24.802469 7f31cc48b700 Options.compaction_options_universal.max_size_amplification_percent: 200
2018/07/27-02:39:24.802470 7f31cc48b700 Options.compaction_options_universal.compression_size_percent: -1
2018/07/27-02:39:24.802472 7f31cc48b700 Options.compaction_options_universal.stop_style: kCompactionStopStyleTotalSize
2018/07/27-02:39:24.802473 7f31cc48b700 Options.compaction_options_fifo.max_table_files_size: 1073741824
2018/07/27-02:39:24.802474 7f31cc48b700 Options.compaction_options_fifo.allow_compaction: 0
2018/07/27-02:39:24.802475 7f31cc48b700 Options.compaction_options_fifo.ttl: 0
2018/07/27-02:39:24.802477 7f31cc48b700                   Options.table_properties_collectors: 
